1.064793817183142394e-01
1.058761550973209425e-01
1.058761550973209425e-01
1.040733100777293807e-01
1.040733100777293807e-01
1.010912737599149597e-01
1.010912737599149597e-01
9.696383409440860468e-02
9.696383409440860468e-02
9.173775713925876041e-02
9.173775713925876041e-02
8.547225736617253267e-02
8.547225736617253267e-02
7.823832713576378550e-02
7.823832713576378550e-02
7.011793325505127905e-02
7.011793325505127905e-02
6.120309065707913582e-02
6.120309065707913582e-02
5.159482690249792697e-02
5.159482690249792697e-02
4.140206251868283616e-02
4.140206251868283616e-02
3.074049220209362429e-02
3.074049220209362429e-02
1.973208505612270708e-02
1.973208505612270708e-02
8.516903878746409987e-03
8.516903878746409987e-03
