1.336545721861061853e-01
1.324620394046966132e-01
1.324620394046966132e-01
1.289057221880821613e-01
1.289057221880821613e-01
1.230490843067295337e-01
1.230490843067295337e-01
1.149966402224113643e-01
1.149966402224113643e-01
1.048920914645414121e-01
1.048920914645414121e-01
9.291576606003515426e-02
9.291576606003515426e-02
7.928141177671894912e-02
7.928141177671894912e-02
6.423242140852584992e-02
6.423242140852584992e-02
4.803767173108466904e-02
4.803767173108466904e-02
3.098800585697944476e-02
3.098800585697944476e-02
1.341185948714177130e-02
1.341185948714177130e-02
