1.460811336496904145e-01
1.445244039899700461e-01
1.445244039899700461e-01
1.398873947910731497e-01
1.398873947910731497e-01
1.322689386333374684e-01
1.322689386333374684e-01
1.218314160537285334e-01
1.218314160537285334e-01
1.087972991671483786e-01
1.087972991671483786e-01
9.344442345603386213e-02
9.344442345603386213e-02
7.610011362837930393e-02
7.610011362837930393e-02
5.713442542685720493e-02
5.713442542685720493e-02
3.695378977085249372e-02
3.695378977085249372e-02
1.601722825777433454e-02
1.601722825777433454e-02
