1.392518728556319807e-01
1.392518728556319807e-01
1.365414983460151721e-01
1.365414983460151721e-01
1.311735047870623838e-01
1.311735047870623838e-01
1.232523768105124179e-01
1.232523768105124179e-01
1.129322960805392156e-01
1.129322960805392156e-01
1.004141444428809649e-01
1.004141444428809649e-01
8.594160621706772862e-02
8.594160621706772862e-02
6.979646842452048860e-02
6.979646842452048860e-02
5.229333515268328597e-02
5.229333515268328597e-02
3.377490158481415150e-02
3.377490158481415150e-02
1.462799529827219988e-02
1.462799529827219988e-02
