1.231760537267154454e-01
1.222424429903100351e-01
1.222424429903100351e-01
1.194557635357847702e-01
1.194557635357847702e-01
1.148582591457116414e-01
1.148582591457116414e-01
1.085196244742636512e-01
1.085196244742636512e-01
1.005359490670506423e-01
1.005359490670506423e-01
9.102826198296365412e-02
9.102826198296365412e-02
8.014070033500102219e-02
8.014070033500102219e-02
6.803833381235691036e-02
6.803833381235691036e-02
5.490469597583519379e-02
5.490469597583519379e-02
4.093915670130631596e-02
4.093915670130631596e-02
2.635498661503213672e-02
2.635498661503213672e-02
1.139379850102628829e-02
1.139379850102628829e-02
