1.142208673789569945e-01
1.134763461089651482e-01
1.134763461089651482e-01
1.112524883568451889e-01
1.112524883568451889e-01
1.075782857885331928e-01
1.075782857885331928e-01
1.025016378177457943e-01
1.025016378177457943e-01
9.608872737002850661e-02
9.608872737002850661e-02
8.842315854375694395e-02
8.842315854375694395e-02
7.960486777305776640e-02
7.960486777305776640e-02
6.974882376624559621e-02
6.974882376624559621e-02
5.898353685983359629e-02
5.898353685983359629e-02
4.744941252061506132e-02
4.744941252061506132e-02
3.529705375741971213e-02
3.529705375741971213e-02
2.268623159618062338e-02
2.268623159618062338e-02
9.798996051294360174e-03
9.798996051294360174e-03
