1.183214152792622792e-01
1.183214152792622792e-01
1.166604434852965833e-01
1.166604434852965833e-01
1.133618165463196603e-01
1.133618165463196603e-01
1.084718405285765852e-01
1.084718405285765852e-01
1.020591610944254213e-01
1.020591610944254213e-01
9.421380035591414570e-02
9.421380035591414570e-02
8.504589431348523465e-02
8.504589431348523465e-02
7.468414976565974917e-02
7.468414976565974917e-02
6.327404632957484010e-02
6.327404632957484010e-02
5.097582529714780875e-02
5.097582529714780875e-02
3.796238329436276565e-02
3.796238329436276565e-02
2.441785109263190992e-02
2.441785109263190992e-02
1.055137261734300641e-02
1.055137261734300641e-02
