1.100470130164751953e-01
1.100470130164751953e-01
1.087111922582941342e-01
1.087111922582941342e-01
1.060557659228464206e-01
1.060557659228464206e-01
1.021129675780607649e-01
1.021129675780607649e-01
9.693065799792992265e-02
9.693065799792992265e-02
9.057174439303283808e-02
9.057174439303283808e-02
8.311341722890121242e-02
8.311341722890121242e-02
7.464621423456878346e-02
7.464621423456878346e-02
6.527292396699960197e-02
6.527292396699960197e-02
5.510734567571674847e-02
5.510734567571674847e-02
4.427293475900422742e-02
4.427293475900422742e-02
3.290142778230437798e-02
3.290142778230437798e-02
2.113211259277126067e-02
2.113211259277126067e-02
9.124282593094517127e-03
9.124282593094517127e-03
