1.279381953467521593e-01
1.279381953467521593e-01
1.258374563468283025e-01
1.258374563468283025e-01
1.216704729278033914e-01
1.216704729278033914e-01
1.155056680537255992e-01
1.155056680537255992e-01
1.074442701159656344e-01
1.074442701159656344e-01
9.761865210411388438e-02
9.761865210411388438e-02
8.619016153195327434e-02
8.619016153195327434e-02
7.334648141108029984e-02
7.334648141108029984e-02
5.929858491543678334e-02
5.929858491543678334e-02
4.427743881741980775e-02
4.427743881741980775e-02
2.853138862893366337e-02
2.853138862893366337e-02
1.234122979998720018e-02
1.234122979998720018e-02
