1.527533871307258373e-01
1.527533871307258373e-01
1.491729864726037413e-01
1.491729864726037413e-01
1.420961093183820412e-01
1.420961093183820412e-01
1.316886384491766371e-01
1.316886384491766371e-01
1.181945319615184120e-01
1.181945319615184120e-01
1.019301198172404416e-01
1.019301198172404416e-01
8.327674157670475474e-02
8.327674157670475474e-02
6.267204833410906784e-02
6.267204833410906784e-02
4.060142980038693866e-02
4.060142980038693866e-02
1.761400713915211788e-02
1.761400713915211788e-02
