1.028526528935588408e-01
1.028526528935588408e-01
1.017623897484054990e-01
1.017623897484054990e-01
9.959342058679526710e-02
9.959342058679526710e-02
9.636873717464425337e-02
9.636873717464425337e-02
9.212252223778612248e-02
9.212252223778612248e-02
8.689978720108297583e-02
8.689978720108297583e-02
8.075589522942021314e-02
8.075589522942021314e-02
7.375597473770520440e-02
7.375597473770520440e-02
6.597422988218049067e-02
6.597422988218049067e-02
5.749315621761906525e-02
5.749315621761906525e-02
4.840267283059405262e-02
4.840267283059405262e-02
3.879919256962705010e-02
3.879919256962705010e-02
2.878470788332336897e-02
2.878470788332336897e-02
1.846646831109095832e-02
1.846646831109095832e-02
7.968192496166605007e-03
7.968192496166605007e-03
