9.376844616021000334e-02
9.335642606559611811e-02
9.335642606559611811e-02
9.212398664331684917e-02
9.212398664331684917e-02
9.008195866063857526e-02
9.008195866063857526e-02
8.724828761884433070e-02
8.724828761884433070e-02
8.364787606703870393e-02
8.364787606703870393e-02
7.931236479488673607e-02
7.931236479488673607e-02
7.427985484395414895e-02
7.427985484395414895e-02
6.859457281865671829e-02
6.859457281865671829e-02
6.230648253031748074e-02
6.230648253031748074e-02
5.547084663166355900e-02
5.547084663166355900e-02
4.814774281871169598e-02
4.814774281871169598e-02
4.040154133166959372e-02
4.040154133166959372e-02
3.230035863232895432e-02
3.230035863232895432e-02
2.391554810174947865e-02
2.391554810174947865e-02
1.532170151293467571e-02
1.532170151293467571e-02
6.606227847587377994e-03
6.606227847587377994e-03
