9.654008851472779817e-02
9.654008851472779817e-02
9.563872007927486096e-02
9.563872007927486096e-02
9.384439908080456638e-02
9.384439908080456638e-02
9.117387869576389081e-02
9.117387869576389081e-02
8.765209300440381102e-02
8.765209300440381102e-02
8.331192422694674860e-02
8.331192422694674860e-02
7.819389578707031108e-02
7.819389578707031108e-02
7.234579410884850459e-02
7.234579410884850459e-02
6.582222277636184948e-02
6.582222277636184948e-02
5.868409347853554420e-02
5.868409347853554420e-02
5.099805926237617471e-02
5.099805926237617471e-02
4.283589802222668302e-02
4.283589802222668302e-02
3.427386291302143145e-02
3.427386291302143145e-02
2.539206530926205879e-02
2.539206530926205879e-02
1.627439473090567038e-02
1.627439473090567038e-02
7.018610009470096361e-03
7.018610009470096361e-03
