9.095674033025986926e-02
9.095674033025986926e-02
9.020304437064073644e-02
9.020304437064073644e-02
8.870189783569386310e-02
8.870189783569386310e-02
8.646573974703575249e-02
8.646573974703575249e-02
8.351309969984566095e-02
8.351309969984566095e-02
7.986844433977184632e-02
7.986844433977184632e-02
7.556197466003193586e-02
7.556197466003193586e-02
7.062937581425572653e-02
7.062937581425572653e-02
6.511152155407641529e-02
6.511152155407641529e-02
5.905413582752449403e-02
5.905413582752449403e-02
5.250741457267810858e-02
5.250741457267810858e-02
4.552561152335327099e-02
4.552561152335327099e-02
3.816659379638751709e-02
3.816659379638751709e-02
3.049138063844613125e-02
3.049138063844613125e-02
2.256372198549496874e-02
2.256372198549496874e-02
1.445016274859503569e-02
1.445016274859503569e-02
6.229140555908684734e-03
6.229140555908684734e-03
