8.152502928038578289e-02
8.152502928038578289e-02
8.098249377059710263e-02
8.098249377059710263e-02
7.990103324352781922e-02
7.990103324352781922e-02
7.828784465821095329e-02
7.828784465821095329e-02
7.615366354844639585e-02
7.615366354844639585e-02
7.351269258474345258e-02
7.351269258474345258e-02
7.038250706689895553e-02
7.038250706689895553e-02
6.678393797914040919e-02
6.678393797914040919e-02
6.274093339213306086e-02
6.274093339213306086e-02
5.828039914699720270e-02
5.828039914699720270e-02
5.343201991033232068e-02
5.343201991033232068e-02
4.822806186075868223e-02
4.822806186075868223e-02
4.270315850467443219e-02
4.270315850467443219e-02
3.689408159402474130e-02
3.689408159402474130e-02
3.083950054517505326e-02
3.083950054517505326e-02
2.457973973823237429e-02
2.457973973823237429e-02
1.815657770961323636e-02
1.815657770961323636e-02
1.161344471646867486e-02
1.161344471646867486e-02
5.002880749639345738e-03
5.002880749639345738e-03
