8.376836099313890449e-02
8.347457362586278851e-02
8.347457362586278851e-02
8.259527223643725602e-02
8.259527223643725602e-02
8.113662450846502450e-02
8.113662450846502450e-02
7.910886183752938172e-02
7.910886183752938172e-02
7.652620757052923384e-02
7.652620757052923384e-02
7.340677724848816699e-02
7.340677724848816699e-02
6.977245155570034607e-02
6.977245155570034607e-02
6.564872287275125284e-02
6.564872287275125284e-02
6.106451652322598955e-02
6.106451652322598955e-02
5.605198799827491862e-02
5.605198799827491862e-02
5.064629765482460411e-02
5.064629765482460411e-02
4.488536466243716466e-02
4.488536466243716466e-02
3.880960250193454114e-02
3.880960250193454114e-02
3.246163984752148401e-02
3.246163984752148401e-02
2.588603699055893465e-02
2.588603699055893465e-02
1.912904448908396560e-02
1.912904448908396560e-02
1.223878010030755685e-02
1.223878010030755685e-02
5.273057279497938947e-03
5.273057279497938947e-03
