8.848679490710428808e-02
8.814053043027546275e-02
8.814053043027546275e-02
8.710444699718353223e-02
8.710444699718353223e-02
8.538665339209912386e-02
8.538665339209912386e-02
8.300059372885658371e-02
8.300059372885658371e-02
7.996494224232426895e-02
7.996494224232426895e-02
7.630345715544205321e-02
7.630345715544205321e-02
7.204479477256006681e-02
7.204479477256006681e-02
6.722228526908689827e-02
6.722228526908689827e-02
6.187367196608018621e-02
6.187367196608018621e-02
5.604081621237012867e-02
5.604081621237012867e-02
4.976937040135352708e-02
4.976937040135352708e-02
4.310842232617021624e-02
4.310842232617021624e-02
3.611011586346338231e-02
3.611011586346338231e-02
2.882926010889425364e-02
2.882926010889425364e-02
2.132297991148358191e-02
2.132297991148358191e-02
1.365082834836149270e-02
1.365082834836149270e-02
5.883433420443085274e-03
5.883433420443085274e-03
