7.952762213944285230e-02
7.927622256836847070e-02
7.927622256836847070e-02
7.852361328737117452e-02
7.852361328737117452e-02
7.727455254468201806e-02
7.727455254468201806e-02
7.553693732283606188e-02
7.553693732283606188e-02
7.332175341426862281e-02
7.332175341426862281e-02
7.064300597060875486e-02
7.064300597060875486e-02
6.751763096623127069e-02
6.751763096623127069e-02
6.396538813868238305e-02
6.396538813868238305e-02
6.000873608859615127e-02
6.000873608859615127e-02
5.567269034091629903e-02
5.567269034091629903e-02
5.098466529212940246e-02
5.098466529212940246e-02
4.597430110891663479e-02
4.597430110891663479e-02
4.067327684793384246e-02
4.067327684793384246e-02
3.511511149813133226e-02
3.511511149813133226e-02
2.933495598390337827e-02
2.933495598390337827e-02
2.336938483217816317e-02
2.336938483217816317e-02
1.725622909372491812e-02
1.725622909372491812e-02
1.103478893916459355e-02
1.103478893916459355e-02
4.752944691635101020e-03
4.752944691635101020e-03
