8.598327567039475150e-02
8.598327567039475150e-02
8.534668573933862357e-02
8.534668573933862357e-02
8.407821897966193114e-02
8.407821897966193114e-02
8.218726670433970649e-02
8.218726670433970649e-02
7.968782891207160102e-02
7.968782891207160102e-02
7.659841064587066817e-02
7.659841064587066817e-02
7.294188500565305933e-02
7.294188500565305933e-02
6.874532383573644934e-02
6.874532383573644934e-02
6.403979735501548476e-02
6.403979735501548476e-02
5.886014424532481915e-02
5.886014424532481915e-02
5.324471397775992071e-02
5.324471397775992071e-02
4.723508349026597775e-02
4.723508349026597775e-02
4.087575092364489210e-02
4.087575092364489210e-02
3.421381077030723195e-02
3.421381077030723195e-02
2.729862149856877862e-02
2.729862149856877862e-02
2.018151529773547226e-02
2.018151529773547226e-02
1.291594728406557369e-02
1.291594728406557369e-02
5.565719664245045474e-03
5.565719664245045474e-03
