9.972054479342645772e-02
9.922501122667230777e-02
9.922501122667230777e-02
9.774333538632871965e-02
9.774333538632871965e-02
9.529024291231950883e-02
9.529024291231950883e-02
9.189011389364147575e-02
9.189011389364147575e-02
8.757674060847787934e-02
8.757674060847787934e-02
8.239299176158926263e-02
8.239299176158926263e-02
7.639038659877661619e-02
7.639038659877661619e-02
6.962858323541036565e-02
6.962858323541036565e-02
6.217478656102842782e-02
6.217478656102842782e-02
5.410308242491685543e-02
5.410308242491685543e-02
4.549370752720110350e-02
4.549370752720110350e-02
3.643227391238546692e-02
3.643227391238546692e-02
2.700901918497942283e-02
2.700901918497942283e-02
1.731862079031058418e-02
1.731862079031058418e-02
7.470831579248775507e-03
7.470831579248775507e-03
