7.386423423217287898e-02
7.386423423217287898e-02
7.346081345346752722e-02
7.346081345346752722e-02
7.265617524380410530e-02
7.265617524380410530e-02
7.145471426517098490e-02
7.145471426517098490e-02
6.986299249259415867e-02
6.986299249259415867e-02
6.788970337652194820e-02
6.788970337652194820e-02
6.554562436490897481e-02
6.554562436490897481e-02
6.284355804500257880e-02
6.284355804500257880e-02
5.979826222758665571e-02
5.979826222758665571e-02
5.642636935801838283e-02
5.642636935801838283e-02
5.274629569917407140e-02
5.274629569917407140e-02
4.877814079280324427e-02
4.877814079280324427e-02
4.454357777196588097e-02
4.454357777196588097e-02
4.006573518069226486e-02
4.006573518069226486e-02
3.536907109759210993e-02
3.536907109759210993e-02
3.047924069960346663e-02
3.047924069960346663e-02
2.542295952611304741e-02
2.542295952611304741e-02
2.022786956905264430e-02
2.022786956905264430e-02
1.492244369735749344e-02
1.492244369735749344e-02
9.536220301748502687e-03
9.536220301748502687e-03
4.105998604649084734e-03
4.105998604649084734e-03
