7.750594797842480510e-02
7.750594797842480510e-02
7.703981816424797235e-02
7.703981816424797235e-02
7.611036190062624163e-02
7.611036190062624163e-02
7.472316905796826114e-02
7.472316905796826114e-02
7.288658239580406151e-02
7.288658239580406151e-02
7.061164739128678036e-02
7.061164739128678036e-02
6.791204581523389849e-02
6.791204581523389849e-02
6.480401345660104229e-02
6.480401345660104229e-02
6.130624249292893763e-02
6.130624249292893763e-02
5.743976909939155218e-02
5.743976909939155218e-02
5.322784698393682318e-02
5.322784698393682318e-02
4.869580763507223159e-02
4.869580763507223159e-02
4.387090818567326855e-02
4.387090818567326855e-02
3.878216797447201630e-02
3.878216797447201630e-02
3.346019528254784436e-02
3.346019528254784436e-02
2.793700698002339958e-02
2.793700698002339958e-02
2.224584919416695838e-02
2.224584919416695838e-02
1.642105838190788952e-02
1.642105838190788952e-02
1.049828453115281279e-02
1.049828453115281279e-02
4.521277098533190916e-03
4.521277098533190916e-03
