6.346328140479060020e-02
6.333550929649174599e-02
6.333550929649174599e-02
6.295270746519569804e-02
6.295270746519569804e-02
6.231641732005726436e-02
6.231641732005726436e-02
6.142920097919293831e-02
6.142920097919293831e-02
6.029463095315201748e-02
6.029463095315201748e-02
5.891727576002726841e-02
5.891727576002726841e-02
5.730268153018747840e-02
5.730268153018747840e-02
5.545734967480359101e-02
5.545734967480359101e-02
5.338871070825897125e-02
5.338871070825897125e-02
5.110509433014458897e-02
5.110509433014458897e-02
4.861569588782824192e-02
4.861569588782824192e-02
4.593053935559585077e-02
4.593053935559585077e-02
4.306043698125959496e-02
4.306043698125959496e-02
4.001694576637301881e-02
4.001694576637301881e-02
3.681232096300068868e-02
3.681232096300068868e-02
3.345946679162217774e-02
3.345946679162217774e-02
2.997188462058382463e-02
2.997188462058382463e-02
2.636361892706601609e-02
2.636361892706601609e-02
2.264920158744667539e-02
2.264920158744667539e-02
1.884359585308945789e-02
1.884359585308945789e-02
1.496214493562465081e-02
1.496214493562465081e-02
1.102055103159358014e-02
1.102055103159358014e-02
7.035099590086451443e-03
7.035099590086451443e-03
3.027278988922904937e-03
3.027278988922904937e-03
