6.904182482923201802e-02
6.887731697766132088e-02
6.887731697766132088e-02
6.838457737866968089e-02
6.838457737866968089e-02
6.756595416360754169e-02
6.756595416360754169e-02
6.642534844984253339e-02
6.642534844984253339e-02
6.496819575072343422e-02
6.496819575072343422e-02
6.320144007381993390e-02
6.320144007381993390e-02
6.113350083106652150e-02
6.113350083106652150e-02
5.877423271884173878e-02
5.877423271884173878e-02
5.613487875978647595e-02
5.613487875978647595e-02
5.322801673126895117e-02
5.322801673126895117e-02
5.006749923795202756e-02
5.006749923795202756e-02
4.666838771837336641e-02
4.666838771837336641e-02
4.304688070916497245e-02
4.304688070916497245e-02
3.922023672930245036e-02
3.922023672930245036e-02
3.520669220160901891e-02
3.520669220160901891e-02
3.102537493451546641e-02
3.102537493451546641e-02
2.669621396757766371e-02
2.669621396757766371e-02
2.223984755057873200e-02
2.223984755057873200e-02
1.767753525793758912e-02
1.767753525793758912e-02
1.303110499158278458e-02
1.303110499158278458e-02
8.323189296218240843e-03
8.323189296218240843e-03
3.582663155283558835e-03
3.582663155283558835e-03
