6.613512962365547532e-02
6.599053358881047660e-02
6.599053358881047660e-02
6.555737776654974036e-02
6.555737776654974036e-02
6.483755623894572884e-02
6.483755623894572884e-02
6.383421660571703127e-02
6.383421660571703127e-02
6.255174622092166126e-02
6.255174622092166126e-02
6.099575300873964767e-02
6.099575300873964767e-02
5.917304094233887674e-02
5.917304094233887674e-02
5.709158029323153916e-02
5.709158029323153916e-02
5.476047278153022696e-02
5.476047278153022696e-02
5.218991178005714243e-02
5.218991178005714243e-02
4.939113774736116763e-02
4.939113774736116763e-02
4.637638908650591058e-02
4.637638908650591058e-02
4.315884864847954056e-02
4.315884864847954056e-02
3.975258612253100565e-02
3.975258612253100565e-02
3.617249658417494990e-02
3.617249658417494990e-02
3.243423551518475473e-02
3.243423551518475473e-02
2.855415070064338742e-02
2.855415070064338742e-02
2.454921165965881849e-02
2.454921165965881849e-02
2.043693814766842781e-02
2.043693814766842781e-02
1.623533314643306122e-02
1.623533314643306122e-02
1.196284846431232111e-02
1.196284846431232111e-02
7.638616295848833261e-03
7.638616295848833261e-03
3.287453842528014879e-03
3.287453842528014879e-03
