7.054915778935406945e-02
7.054915778935406945e-02
7.019768547355821620e-02
7.019768547355821620e-02
6.949649186157258463e-02
6.949649186157258463e-02
6.844907026936665473e-02
6.844907026936665473e-02
6.706063890629365698e-02
6.706063890629365698e-02
6.533811487918143868e-02
6.533811487918143868e-02
6.329007973320385783e-02
6.329007973320385783e-02
6.092673670156197041e-02
6.092673670156197041e-02
5.825985987759549345e-02
5.825985987759549345e-02
5.530273556372805599e-02
5.530273556372805599e-02
5.207009609170445974e-02
5.207009609170445974e-02
4.857804644835203578e-02
4.857804644835203578e-02
4.484398408197003139e-02
4.484398408197003139e-02
4.088651231034622080e-02
4.088651231034622080e-02
3.672534781380887292e-02
3.672534781380887292e-02
3.238122281206982228e-02
3.238122281206982228e-02
2.787578282128101020e-02
2.787578282128101020e-02
2.323148190201921107e-02
2.323148190201921107e-02
1.847148173681474950e-02
1.847148173681474950e-02
1.361958675557998523e-02
1.361958675557998523e-02
8.700481367524843385e-03
8.700481367524843385e-03
3.745404803112777591e-03
3.745404803112777591e-03
