6.473769681268391751e-02
6.473769681268391751e-02
6.446616443595008794e-02
6.446616443595008794e-02
6.392423858464818531e-02
6.392423858464818531e-02
6.311419228625402000e-02
6.311419228625402000e-02
6.203942315989266487e-02
6.203942315989266487e-02
6.070443916589388089e-02
6.070443916589388089e-02
5.911483969839563535e-02
5.911483969839563535e-02
5.727729210040321400e-02
5.727729210040321400e-02
5.519950369998416484e-02
5.519950369998416484e-02
5.289018948519366714e-02
5.289018948519366714e-02
5.035903555385447261e-02
5.035903555385447261e-02
4.761665849249047816e-02
4.761665849249047816e-02
4.467456085669428006e-02
4.467456085669428006e-02
4.154508294346474784e-02
4.154508294346474784e-02
3.824135106583070876e-02
3.824135106583070876e-02
3.477722256477044221e-02
3.477722256477044221e-02
3.116722783279808964e-02
3.116722783279808964e-02
2.742650970835694771e-02
2.742650970835694771e-02
2.357076083932438046e-02
2.357076083932438046e-02
1.961616045735552899e-02
1.961616045735552899e-02
1.557931572294384871e-02
1.557931572294384871e-02
1.147723457923453989e-02
1.147723457923453989e-02
7.327553901276262494e-03
7.327553901276262494e-03
3.153346052305838493e-03
3.153346052305838493e-03
