7.569553564729837591e-02
7.547874709271581994e-02
7.547874709271581994e-02
7.482962317622154913e-02
7.482962317622154913e-02
7.375188202722346431e-02
7.375188202722346431e-02
7.225169686102307642e-02
7.225169686102307642e-02
7.033766062081749093e-02
7.033766062081749093e-02
6.802073676087676268e-02
6.802073676087676268e-02
6.531419645352741499e-02
6.531419645352741499e-02
6.223354258096631952e-02
6.223354258096631952e-02
5.879642094987194700e-02
5.879642094987194700e-02
5.502251924257874072e-02
5.502251924257874072e-02
5.093345429461749313e-02
5.093345429461749313e-02
4.655264836901434194e-02
4.655264836901434194e-02
4.190519519590969050e-02
4.190519519590969050e-02
3.701771670350798710e-02
3.701771670350798710e-02
3.191821173169927944e-02
3.191821173169927944e-02
2.663589920711044445e-02
2.663589920711044445e-02
2.120106336877955466e-02
2.120106336877955466e-02
1.564493840781858852e-02
1.564493840781858852e-02
9.999938773905946154e-03
9.999938773905946154e-03
4.306140358164887473e-03
4.306140358164887473e-03
