7.221575169379898518e-02
7.202750197142197830e-02
7.202750197142197830e-02
7.146373425251413558e-02
7.146373425251413558e-02
7.052738776508503393e-02
7.052738776508503393e-02
6.922334419365668012e-02
6.922334419365668012e-02
6.755840222936516926e-02
6.755840222936516926e-02
6.554124212632279900e-02
6.554124212632279900e-02
6.318238044939611386e-02
6.318238044939611386e-02
6.049411524999129264e-02
6.049411524999129264e-02
5.749046195691052269e-02
5.749046195691052269e-02
5.418708031888178761e-02
5.418708031888178761e-02
5.060119278439015322e-02
5.060119278439015322e-02
4.675149475434658281e-02
4.675149475434658281e-02
4.265805719798208134e-02
4.265805719798208134e-02
3.834222219413265659e-02
3.834222219413265659e-02
3.382649208686028947e-02
3.382649208686028947e-02
2.913441326149849436e-02
2.913441326149849436e-02
2.429045661383881505e-02
2.429045661383881505e-02
1.931990142368390090e-02
1.931990142368390090e-02
1.424875643157648593e-02
1.424875643157648593e-02
9.103996637401403844e-03
9.103996637401403844e-03
3.919490253844127442e-03
3.919490253844127442e-03
