6.751868584903646109e-02
6.751868584903646109e-02
6.721061360067817625e-02
6.721061360067817625e-02
6.659587476845488241e-02
6.659587476845488241e-02
6.567727426778120770e-02
6.567727426778120770e-02
6.445900346713906437e-02
6.445900346713906437e-02
6.294662106439451177e-02
6.294662106439451177e-02
6.114702772465047814e-02
6.114702772465047814e-02
5.906843459554631665e-02
5.906843459554631665e-02
5.672032584399123306e-02
5.672032584399123306e-02
5.411341538585675431e-02
5.411341538585675431e-02
5.125959800714301878e-02
5.125959800714301878e-02
4.817189510171220046e-02
4.817189510171220046e-02
4.486439527731812815e-02
4.486439527731812815e-02
4.135219010967872838e-02
4.135219010967872838e-02
3.765130535738606815e-02
3.765130535738606815e-02
3.377862799910689995e-02
3.377862799910689995e-02
2.975182955220275621e-02
2.975182955220275621e-02
2.558928639713001219e-02
2.558928639713001219e-02
2.130999875413649991e-02
2.130999875413649991e-02
1.693351400783623881e-02
1.693351400783623881e-02
1.247988377098868500e-02
1.247988377098868500e-02
7.969898229724622571e-03
7.969898229724622571e-03
3.430300868107048328e-03
3.430300868107048328e-03
