5.463432875658402743e-02
5.455280360476188334e-02
5.455280360476188334e-02
5.430847145249863978e-02
5.430847145249863978e-02
5.390206148329857588e-02
5.390206148329857588e-02
5.333478658481916046e-02
5.333478658481916046e-02
5.260833972917743073e-02
5.260833972917743073e-02
5.172488892051782527e-02
5.172488892051782527e-02
5.068707072492741050e-02
5.068707072492741050e-02
4.949798240201967736e-02
4.949798240201967736e-02
4.816117266168774835e-02
4.816117266168774835e-02
4.668063107364150283e-02
4.668063107364150283e-02
4.506077616138115527e-02
4.506077616138115527e-02
4.330644221621519907e-02
4.330644221621519907e-02
4.142286487080110852e-02
4.142286487080110852e-02
3.941566547548011612e-02
3.941566547548011612e-02
3.729083432441731433e-02
3.729083432441731433e-02
3.505471278231261922e-02
3.505471278231261922e-02
3.271397436637157180e-02
3.271397436637157180e-02
3.027560484269399901e-02
3.027560484269399901e-02
2.774688140218019294e-02
2.774688140218019294e-02
2.513535099091812261e-02
2.513535099091812261e-02
2.244880789077643643e-02
2.244880789077643643e-02
1.969527069948852002e-02
1.969527069948852002e-02
1.688295902344155025e-02
1.688295902344155025e-02
1.402027079075355599e-02
1.402027079075355599e-02
1.111576373233598945e-02
1.111576373233598945e-02
8.178160067821233295e-03
8.178160067821233295e-03
5.216533474718779671e-03
5.216533474718779671e-03
2.243753872250662997e-03
2.243753872250662997e-03
