5.761753670714702541e-02
5.761753670714702541e-02
5.742613705411211272e-02
5.742613705411211272e-02
5.704397355879459869e-02
5.704397355879459869e-02
5.647231573062596460e-02
5.647231573062596460e-02
5.571306256058998485e-02
5.571306256058998485e-02
5.476873621305798634e-02
5.476873621305798634e-02
5.364247364755361097e-02
5.364247364755361097e-02
5.233801619829874657e-02
5.233801619829874657e-02
5.085969714618814724e-02
5.085969714618814724e-02
4.921242732452888596e-02
4.921242732452888596e-02
4.740167880644498982e-02
4.740167880644498982e-02
4.543346672827671545e-02
4.543346672827671545e-02
4.331432930959701333e-02
4.331432930959701333e-02
4.105130613664497580e-02
4.105130613664497580e-02
3.865191478210251719e-02
3.865191478210251719e-02
3.612412584038355440e-02
3.612412584038355440e-02
3.347633646437264687e-02
3.347633646437264687e-02
3.071734249787067689e-02
3.071734249787067689e-02
2.785630931059587118e-02
2.785630931059587118e-02
2.490274146720877421e-02
2.490274146720877421e-02
2.186645142285308444e-02
2.186645142285308444e-02
1.875752762146937896e-02
1.875752762146937896e-02
1.558630303592413099e-02
1.558630303592413099e-02
1.236332812884764418e-02
1.236332812884764418e-02
9.099369455509397075e-03
9.099369455509397075e-03
5.805611015239985073e-03
5.805611015239985073e-03
2.497481835761585986e-03
2.497481835761585986e-03
