5.981036574529186023e-02
5.981036574529186023e-02
5.959626017124815961e-02
5.959626017124815961e-02
5.916881546604296771e-02
5.916881546604296771e-02
5.852956177181387054e-02
5.852956177181387054e-02
5.768078745252682576e-02
5.768078745252682576e-02
5.662553090236859682e-02
5.662553090236859682e-02
5.536756966930265339e-02
5.536756966930265339e-02
5.391140693275726231e-02
5.391140693275726231e-02
5.226225538390699005e-02
5.226225538390699005e-02
5.042601856634237878e-02
5.042601856634237878e-02
4.840926974407489675e-02
4.840926974407489675e-02
4.621922837278479024e-02
4.621922837278479024e-02
4.386373425900040590e-02
4.386373425900040590e-02
4.135121950056026841e-02
4.135121950056026841e-02
3.869067831042397737e-02
3.869067831042397737e-02
3.589163483509723307e-02
3.589163483509723307e-02
3.296410908971880022e-02
3.296410908971880022e-02
2.991858114714394598e-02
2.991858114714394598e-02
2.676595374650401343e-02
2.676595374650401343e-02
2.351751355398446278e-02
2.351751355398446278e-02
2.018489150798079279e-02
2.018489150798079279e-02
1.678002339630073683e-02
1.678002339630073683e-02
1.331511498234096147e-02
1.331511498234096147e-02
9.802634579462751394e-03
9.802634579462751394e-03
6.255523962973277320e-03
6.255523962973277320e-03
2.691316950047111314e-03
2.691316950047111314e-03
