5.368111986333484742e-02
5.368111986333484742e-02
5.352634330405825480e-02
5.352634330405825480e-02
5.321723644657901098e-02
5.321723644657901098e-02
5.275469052637083572e-02
5.275469052637083572e-02
5.214003918366982154e-02
5.214003918366982154e-02
5.137505461828572456e-02
5.137505461828572456e-02
5.046194247995312854e-02
5.046194247995312854e-02
4.940333550896239267e-02
4.940333550896239267e-02
4.820228594541774852e-02
4.820228594541774852e-02
4.686225672902634420e-02
4.686225672902634420e-02
4.538711151481980566e-02
4.538711151481980566e-02
4.378110353364025181e-02
4.378110353364025181e-02
4.204886332958212430e-02
4.204886332958212430e-02
4.019538540986779956e-02
4.019538540986779956e-02
3.822601384585843504e-02
3.822601384585843504e-02
3.614642686708727237e-02
3.614642686708727237e-02
3.396262049341600836e-02
3.396262049341600836e-02
3.168089125380933041e-02
3.168089125380933041e-02
2.930781804416049061e-02
2.930781804416049061e-02
2.685024318198186988e-02
2.685024318198186988e-02
2.431525272496395246e-02
2.431525272496395246e-02
2.171015614014623618e-02
2.171015614014623618e-02
1.904246546189340694e-02
1.904246546189340694e-02
1.631987423497096440e-02
1.631987423497096440e-02
1.355023711298881245e-02
1.355023711298881245e-02
1.074155353287877326e-02
1.074155353287877326e-02
7.901973849998675248e-03
7.901973849998675248e-03
5.039981612650242838e-03
5.039981612650242838e-03
2.167723249627450093e-03
2.167723249627450093e-03
