5.871879415116436352e-02
5.861758623272026597e-02
5.861758623272026597e-02
5.831431136225601053e-02
5.831431136225601053e-02
5.781001499171319752e-02
5.781001499171319752e-02
5.710643553626719437e-02
5.710643553626719437e-02
5.620599838173970936e-02
5.620599838173970936e-02
5.511180752393359666e-02
5.511180752393359666e-02
5.382763486873103076e-02
5.382763486873103076e-02
5.235790722987272022e-02
5.235790722987272022e-02
5.070769106929271658e-02
5.070769106929271658e-02
4.888267503269914244e-02
4.888267503269914244e-02
4.688915034075031435e-02
4.688915034075031435e-02
4.473398910367280823e-02
4.473398910367280823e-02
4.242462063452001608e-02
4.242462063452001608e-02
3.996900584354038527e-02
3.996900584354038527e-02
3.737560980348291623e-02
3.737560980348291623e-02
3.465337258353423655e-02
3.465337258353423655e-02
3.181167845901932550e-02
3.181167845901932550e-02
2.886032361782373684e-02
2.886032361782373684e-02
2.580948251075751779e-02
2.580948251075751779e-02
2.266967305707020749e-02
2.266967305707020749e-02
1.945172110763689413e-02
1.945172110763689413e-02
1.616672525668746280e-02
1.616672525668746280e-02
1.282602614424037911e-02
1.282602614424037911e-02
9.441202284940344858e-03
9.441202284940344858e-03
6.024276226948673679e-03
6.024276226948673679e-03
2.591683720567031831e-03
2.591683720567031831e-03
