5.557974630651439651e-02
5.557974630651439651e-02
5.540795250324512256e-02
5.540795250324512256e-02
5.506489590176242427e-02
5.506489590176242427e-02
5.455163687088942365e-02
5.455163687088942365e-02
5.386976186571448832e-02
5.386976186571448832e-02
5.302137852401076629e-02
5.302137852401076629e-02
5.200910915174140198e-02
5.200910915174140198e-02
5.083608261779848370e-02
5.083608261779848370e-02
4.950592468304757660e-02
4.950592468304757660e-02
4.802274679360026000e-02
4.802274679360026000e-02
4.639113337300189432e-02
4.639113337300189432e-02
4.461612765269228065e-02
4.461612765269228065e-02
4.270321608466708801e-02
4.270321608466708801e-02
4.065831138474451656e-02
4.065831138474451656e-02
3.848773425924766067e-02
3.848773425924766067e-02
3.619819387231518887e-02
3.619819387231518887e-02
3.379676711561176161e-02
3.379676711561176161e-02
3.129087674731044488e-02
3.129087674731044488e-02
2.868826847382274087e-02
2.868826847382274087e-02
2.599698705839195365e-02
2.599698705839195365e-02
2.322535156256531549e-02
2.322535156256531549e-02
2.038192988240257117e-02
2.038192988240257117e-02
1.747551291140094637e-02
1.747551291140094637e-02
1.451508927802147228e-02
1.451508927802147228e-02
1.150982434038338303e-02
1.150982434038338303e-02
8.469063163307886943e-03
8.469063163307886943e-03
5.402522246015338189e-03
5.402522246015338189e-03
2.323855375773215600e-03
2.323855375773215600e-03
