5.279801262199042278e-02
5.272443385912792962e-02
5.272443385912792962e-02
5.250390264782874017e-02
5.250390264782874017e-02
5.213703364837539433e-02
5.213703364837539433e-02
5.162484939089147934e-02
5.162484939089147934e-02
5.096877742539391437e-02
5.096877742539391437e-02
5.017064634299690101e-02
5.017064634299690101e-02
4.923268067936198422e-02
4.923268067936198422e-02
4.815749471460643860e-02
4.815749471460643860e-02
4.694808518696201582e-02
4.694808518696201582e-02
4.560782294050976654e-02
4.560782294050976654e-02
4.414044353029738382e-02
4.414044353029738382e-02
4.255003681106763608e-02
4.255003681106763608e-02
4.084103553868671105e-02
4.084103553868671105e-02
3.901820301616001213e-02
3.901820301616001213e-02
3.708661981887092368e-02
3.708661981887092368e-02
3.505166963640010680e-02
3.505166963640010680e-02
3.291902427104527462e-02
3.291902427104527462e-02
3.069462783611168200e-02
3.069462783611168200e-02
2.838468020053479951e-02
2.838468020053479951e-02
2.599561973129849851e-02
2.599561973129849851e-02
2.353410539371336360e-02
2.353410539371336360e-02
2.100699828843718628e-02
2.100699828843718628e-02
1.842134275361002882e-02
1.842134275361002882e-02
1.578434731308146766e-02
1.578434731308146766e-02
1.310336630634519051e-02
1.310336630634519051e-02
1.038588550099586207e-02
1.038588550099586207e-02
7.639529453487575554e-03
7.639529453487575554e-03
4.872239168265284949e-03
4.872239168265284949e-03
2.095492284541223497e-03
2.095492284541223497e-03
