5.660297644456042249e-02
5.651231824977200058e-02
5.651231824977200058e-02
5.624063407108436524e-02
5.624063407108436524e-02
5.578879419528409017e-02
5.578879419528409017e-02
5.515824600250868875e-02
5.515824600250868875e-02
5.435100932991110412e-02
5.435100932991110412e-02
5.336967000160547370e-02
5.336967000160547370e-02
5.221737154563208666e-02
5.221737154563208666e-02
5.089780512449398192e-02
5.089780512449398192e-02
4.941519771155174212e-02
4.941519771155174212e-02
4.777429855120069596e-02
4.777429855120069596e-02
4.598036394628383927e-02
4.598036394628383927e-02
4.403914042160658737e-02
4.403914042160658737e-02
4.195684631771876005e-02
4.195684631771876005e-02
3.974015187433718038e-02
3.974015187433718038e-02
3.739615786796554597e-02
3.739615786796554597e-02
3.493237287358988419e-02
3.493237287358988419e-02
3.235668922618583493e-02
3.235668922618583493e-02
2.967735776516104013e-02
2.967735776516104013e-02
2.690296145639627101e-02
2.690296145639627101e-02
2.404238800972562096e-02
2.404238800972562096e-02
2.110480166801645407e-02
2.110480166801645407e-02
1.809961452072906402e-02
1.809961452072906402e-02
1.503645833351178844e-02
1.503645833351178844e-02
1.192516071984861190e-02
1.192516071984861190e-02
8.775746107058527909e-03
8.775746107058527909e-03
5.598632266560767470e-03
5.598632266560767470e-03
2.408323619979788836e-03
2.408323619979788836e-03
