6.217661665534725962e-02
6.217661665534725962e-02
6.193606742068324261e-02
6.193606742068324261e-02
6.145589959031666494e-02
6.145589959031666494e-02
6.073797084177021827e-02
6.073797084177021827e-02
5.978505870426546048e-02
5.978505870426546048e-02
5.860084981322244424e-02
5.860084981322244424e-02
5.718992564772838044e-02
5.718992564772838044e-02
5.555774480621251954e-02
5.555774480621251954e-02
5.371062188899624473e-02
5.371062188899624473e-02
5.165570306958113672e-02
5.165570306958113672e-02
4.940093844946631674e-02
4.940093844946631674e-02
4.695505130394843352e-02
4.695505130394843352e-02
4.432750433880327384e-02
4.432750433880327384e-02
4.152846309014769643e-02
4.152846309014769643e-02
3.856875661258767768e-02
3.856875661258767768e-02
3.545983561514615134e-02
3.545983561514615134e-02
3.221372822357801424e-02
3.221372822357801424e-02
2.884299358053519710e-02
2.884299358053519710e-02
2.536067357001239170e-02
2.536067357001239170e-02
2.178024317012479394e-02
2.178024317012479394e-02
1.811556071348939187e-02
1.811556071348939187e-02
1.438082276148557395e-02
1.438082276148557395e-02
1.059054838365096861e-02
1.059054838365096861e-02
6.759799195745401154e-03
6.759799195745401154e-03
2.908622553155141080e-03
2.908622553155141080e-03
