6.099892484120587877e-02
6.088546484485634486e-02
6.088546484485634486e-02
6.054550693473779305e-02
6.054550693473779305e-02
5.998031577750325555e-02
5.998031577750325555e-02
5.919199392296154577e-02
5.919199392296154577e-02
5.818347398259213904e-02
5.818347398259213904e-02
5.695850772025866371e-02
5.695850772025866371e-02
5.552165209573869248e-02
5.552165209573869248e-02
5.387825231304556317e-02
5.387825231304556317e-02
5.203442193669708532e-02
5.203442193669708532e-02
4.999702015005740713e-02
4.999702015005740713e-02
4.777362624062310437e-02
4.777362624062310437e-02
4.537251140765007074e-02
4.537251140765007074e-02
4.280260799788008358e-02
4.280260799788008358e-02
4.007347628549645657e-02
4.007347628549645657e-02
3.719526892326029122e-02
3.719526892326029122e-02
3.417869320418833595e-02
3.417869320418833595e-02
3.103497129016000861e-02
3.103497129016000861e-02
2.777579859416247701e-02
2.777579859416247701e-02
2.441330057378143445e-02
2.441330057378143445e-02
2.095998840170321120e-02
2.095998840170321120e-02
1.742871472340105227e-02
1.742871472340105227e-02
1.383263400647782165e-02
1.383263400647782165e-02
1.018519129782173051e-02
1.018519129782173051e-02
6.500337783252600060e-03
6.500337783252600060e-03
2.796807171089895402e-03
2.796807171089895402e-03
