4.947236662393102169e-02
4.941183303991818210e-02
4.941183303991818210e-02
4.923038042374756201e-02
4.923038042374756201e-02
4.892845282051198896e-02
4.892845282051198896e-02
4.850678909788384841e-02
4.850678909788384841e-02
4.796642113799513135e-02
4.796642113799513135e-02
4.730867131226891564e-02
4.730867131226891564e-02
4.653514924538369735e-02
4.653514924538369735e-02
4.564774787629261033e-02
4.564774787629261033e-02
4.464863882594139605e-02
4.464863882594139605e-02
4.354026708302759230e-02
4.354026708302759230e-02
4.232534502081582162e-02
4.232534502081582162e-02
4.100684575966639933e-02
4.100684575966639933e-02
3.958799589154409632e-02
3.958799589154409632e-02
3.807226758434955477e-02
3.807226758434955477e-02
3.646337008545728897e-02
3.646337008545728897e-02
3.476524064535587571e-02
3.476524064535587571e-02
3.298203488377934173e-02
3.298203488377934173e-02
3.111811662221981856e-02
3.111811662221981856e-02
2.917804720828052686e-02
2.917804720828052686e-02
2.716657435909793430e-02
2.716657435909793430e-02
2.508862055334498686e-02
2.508862055334498686e-02
2.294927100488993246e-02
2.294927100488993246e-02
2.075376125803908914e-02
2.075376125803908914e-02
1.850746446016127145e-02
1.850746446016127145e-02
1.621587841033833924e-02
1.621587841033833924e-02
1.388461261611561096e-02
1.388461261611561096e-02
1.151937607688004184e-02
1.151937607688004184e-02
9.125968676326656065e-03
9.125968676326656065e-03
6.710291765960136635e-03
6.710291765960136635e-03
4.278508346863761982e-03
4.278508346863761982e-03
1.839874595577084201e-03
1.839874595577084201e-03
