4.869095700913972369e-02
4.869095700913972369e-02
4.857546744150342821e-02
4.857546744150342821e-02
4.834476223480295431e-02
4.834476223480295431e-02
4.799938859645831030e-02
4.799938859645831030e-02
4.754016571483030834e-02
4.754016571483030834e-02
4.696818281621002039e-02
4.696818281621002039e-02
4.628479658131441632e-02
4.628479658131441632e-02
4.549162792741814204e-02
4.549162792741814204e-02
4.459055816375656622e-02
4.459055816375656622e-02
4.358372452932345043e-02
4.358372452932345043e-02
4.247351512365359072e-02
4.247351512365359072e-02
4.126256324262352754e-02
4.126256324262352754e-02
3.995374113272034261e-02
3.995374113272034261e-02
3.855015317861562596e-02
3.855015317861562596e-02
3.705512854024004682e-02
3.705512854024004682e-02
3.547221325688238586e-02
3.547221325688238586e-02
3.380516183714160627e-02
3.380516183714160627e-02
3.205792835485155035e-02
3.205792835485155035e-02
3.023465707240247796e-02
3.023465707240247796e-02
2.833967261425948334e-02
2.833967261425948334e-02
2.637746971505465846e-02
2.637746971505465846e-02
2.435270256871087391e-02
2.435270256871087391e-02
2.227017380838325344e-02
2.227017380838325344e-02
2.013482315353020899e-02
2.013482315353020899e-02
1.795171577569734320e-02
1.795171577569734320e-02
1.572603047602471812e-02
1.572603047602471812e-02
1.346304789671864260e-02
1.346304789671864260e-02
1.116813946013112818e-02
1.116813946013112818e-02
8.846759826363946935e-03
8.846759826363946935e-03
6.504457968978362772e-03
6.504457968978362772e-03
4.147033260562467925e-03
4.147033260562467925e-03
1.783280721696433018e-03
1.783280721696433018e-03
