5.190787763122063636e-02
5.190787763122063636e-02
5.176794317491018732e-02
5.176794317491018732e-02
5.148845150098093487e-02
5.148845150098093487e-02
5.107015606985562672e-02
5.107015606985562672e-02
5.051418453250937357e-02
5.051418453250937357e-02
4.982203569055018016e-02
4.982203569055018016e-02
4.899557545575683459e-02
4.899557545575683459e-02
4.803703181997118210e-02
4.803703181997118210e-02
4.694898884891220148e-02
4.694898884891220148e-02
4.573437971611448577e-02
4.573437971611448577e-02
4.439647879578711293e-02
4.439647879578711293e-02
4.293889283593563949e-02
4.293889283593563949e-02
4.136555123558475350e-02
4.136555123558475350e-02
3.968069545238080142e-02
3.968069545238080142e-02
3.788886756924344373e-02
3.788886756924344373e-02
3.599489805108450208e-02
3.599489805108450208e-02
3.400389272494642318e-02
3.400389272494642318e-02
3.192121901929632910e-02
3.192121901929632910e-02
2.975249150078894400e-02
2.975249150078894400e-02
2.750355674992479085e-02
2.750355674992479085e-02
2.518047762152124738e-02
2.518047762152124738e-02
2.278951694399782013e-02
2.278951694399782013e-02
2.033712072945728644e-02
2.033712072945728644e-02
1.782990101420772050e-02
1.782990101420772050e-02
1.527461859678479889e-02
1.527461859678479889e-02
1.267816647681595937e-02
1.267816647681595937e-02
1.004755718228798368e-02
1.004755718228798368e-02
7.389931163345455842e-03
7.389931163345455842e-03
4.712729926953568294e-03
4.712729926953568294e-03
2.026811968873758456e-03
2.026811968873758456e-03
