5.024800037525627844e-02
5.024800037525627844e-02
5.012106956904328892e-02
5.012106956904328892e-02
4.986752859495239415e-02
4.986752859495239415e-02
4.948801791969929115e-02
4.948801791969929115e-02
4.898349622051783453e-02
4.898349622051783453e-02
4.835523796347767495e-02
4.835523796347767495e-02
4.760483018410123501e-02
4.760483018410123501e-02
4.673416847841552202e-02
4.673416847841552202e-02
4.574545221457018002e-02
4.574545221457018002e-02
4.464117897712441274e-02
4.464117897712441274e-02
4.342413825804741778e-02
4.342413825804741778e-02
4.209740441038509889e-02
4.209740441038509889e-02
4.066432888241744426e-02
4.066432888241744426e-02
3.912853175196308320e-02
3.912853175196308320e-02
3.749389258228003063e-02
3.749389258228003063e-02
3.576454062276814005e-02
3.576454062276814005e-02
3.394484437941054644e-02
3.394484437941054644e-02
3.203940058162468157e-02
3.203940058162468157e-02
3.005302257398987167e-02
3.005302257398987167e-02
2.799072816331463903e-02
2.799072816331463903e-02
2.585772695402469706e-02
2.585772695402469706e-02
2.365940720868279362e-02
2.365940720868279362e-02
2.140132227766996728e-02
2.140132227766996728e-02
1.908917665857319881e-02
1.908917665857319881e-02
1.672881179017731562e-02
1.672881179017731562e-02
1.432619182380651807e-02
1.432619182380651807e-02
1.188739011701050140e-02
1.188739011701050140e-02
9.418579428420387548e-03
9.418579428420387548e-03
6.926041901830960572e-03
6.926041901830960572e-03
4.416333456930905156e-03
4.416333456930905156e-03
1.899205679513690488e-03
1.899205679513690488e-03
