5.108111944078622124e-02
5.101448703869726486e-02
5.101448703869726486e-02
5.081476366881833989e-02
5.081476366881833989e-02
5.048247038679740811e-02
5.048247038679740811e-02
5.001847410817825135e-02
5.001847410817825135e-02
4.942398534673558830e-02
4.942398534673558830e-02
4.870055505641152777e-02
4.870055505641152777e-02
4.785007058509560540e-02
4.785007058509560540e-02
4.687475075080906745e-02
4.687475075080906745e-02
4.577714005314596074e-02
4.577714005314596074e-02
4.456010203508348894e-02
4.456010203508348894e-02
4.322681181249609511e-02
4.322681181249609511e-02
4.178074779088849361e-02
4.178074779088849361e-02
4.022568259099824906e-02
4.022568259099824906e-02
3.856567320700817619e-02
3.856567320700817619e-02
3.680505042315481562e-02
3.680505042315481562e-02
3.494840751653335159e-02
3.494840751653335159e-02
3.300058827590741234e-02
3.300058827590741234e-02
3.096667436839739551e-02
3.096667436839739551e-02
2.885197208818340159e-02
2.885197208818340159e-02
2.666199852415088861e-02
2.666199852415088861e-02
2.440246718754420299e-02
2.440246718754420299e-02
2.207927314831904450e-02
2.207927314831904450e-02
1.969847774610117980e-02
1.969847774610117980e-02
1.726629298761374331e-02
1.726629298761374331e-02
1.478906588493791516e-02
1.478906588493791516e-02
1.227326350781210440e-02
1.227326350781210440e-02
9.725461830356134027e-03
9.725461830356134027e-03
7.152354991749089626e-03
7.152354991749089626e-03
4.560924006012417181e-03
4.560924006012417181e-03
1.961453361670282853e-03
1.961453361670282853e-03
