4.748344421386718838e-06
6.844520568847655871e-06
9.654998779296875529e-06
1.185178756713867208e-05
1.486539840698242221e-05
1.609754562377929704e-05
1.936602592468261811e-05
2.206373214721679725e-05
2.424001693725585978e-05
2.561116218566894686e-05
2.816772460937500130e-05
3.015017509460449295e-05
3.358602523803711046e-05
3.509664535522460672e-05
3.740501403808593875e-05
4.070591926574707129e-05
4.244899749755859641e-05
4.395318031311035362e-05
4.680061340332031066e-05
5.328464508056640392e-05
5.192279815673828152e-05
5.227065086364746197e-05
5.768370628356933881e-05
6.074690818786621018e-05
