2.985239028930664252e-06
3.289461135864257955e-06
3.498315811157226573e-06
4.611730575561523431e-06
4.986763000488281338e-06
4.845380783081054782e-06
5.856990814208984124e-06
5.944967269897460633e-06
6.272077560424804355e-06
7.170677185058593872e-06
7.262945175170898668e-06
8.217334747314453382e-06
7.781744003295899129e-06
8.300542831420897895e-06
8.331537246704101630e-06
8.802890777587889920e-06
9.926319122314453206e-06
1.009368896484374965e-05
1.116681098937988360e-05
1.158690452575683514e-05
1.415491104125976502e-05
1.186895370483398353e-05
1.314759254455566481e-05
1.418280601501464888e-05
