3.453493118286132677e-06
5.003690719604491788e-06
5.682468414306640537e-06
5.705356597900390557e-06
7.501363754272461168e-06
8.408546447753906413e-06
9.393215179443360147e-06
9.790182113647461507e-06
1.042747497558593681e-05
1.268076896667480412e-05
1.189160346984863340e-05
1.318955421447753857e-05
1.413393020629882728e-05
1.478838920593261743e-05
1.522779464721679627e-05
1.699447631835937527e-05
1.761150360107421756e-05
1.953721046447753744e-05
2.164101600646972786e-05
2.250695228576660067e-05
2.218031883239746235e-05
2.314209938049316352e-05
2.497553825378417860e-05
2.586150169372558680e-05
