0.000000000000000000e+00
-7.944380460875548333e-02
7.944380460875548333e-02
-1.583853399978377985e-01
1.583853399978377985e-01
-2.363255124618357794e-01
2.363255124618357794e-01
-3.127715592481859486e-01
3.127715592481859486e-01
-3.872401639715614685e-01
3.872401639715614685e-01
-4.592605123091360597e-01
4.592605123091360597e-01
-5.283772686604374380e-01
5.283772686604374380e-01
-5.941534549572780044e-01
5.941534549572780044e-01
-6.561732134320109600e-01
6.561732134320109600e-01
-7.140444358945347014e-01
7.140444358945347014e-01
-7.674012429310634875e-01
7.674012429310634875e-01
-8.159062974301430904e-01
8.159062974301430904e-01
-8.592529379999062078e-01
8.592529379999062078e-01
-8.971671192929928651e-01
8.971671192929928651e-01
-9.294091484867382791e-01
9.294091484867382791e-01
-9.557752123246522347e-01
9.557752123246522347e-01
-9.760987093334710929e-01
9.760987093334710929e-01
-9.902515368546860319e-01
9.902515368546860319e-01
-9.981473830664329139e-01
9.981473830664329139e-01
