-4.301819847370860761e-02
4.301819847370860761e-02
-1.287361038093847998e-01
1.287361038093847998e-01
-2.135008923168655870e-01
2.135008923168655870e-01
-2.966849953440282572e-01
2.966849953440282572e-01
-3.776725471196892281e-01
3.776725471196892281e-01
-4.558639444334202651e-01
4.558639444334202651e-01
-5.306802859262451655e-01
5.306802859262451655e-01
-6.015676581359805652e-01
6.015676581359805652e-01
-6.680012365855210188e-01
6.680012365855210188e-01
-7.294891715935565291e-01
7.294891715935565291e-01
-7.855762301322065655e-01
7.855762301322065655e-01
-8.358471669924752989e-01
8.358471669924752989e-01
-8.799298008903971846e-01
8.799298008903971846e-01
-9.174977745156590592e-01
9.174977745156590592e-01
-9.482729843995075791e-01
9.482729843995075791e-01
-9.720276910496979950e-01
9.720276910496979950e-01
-9.885864789022121846e-01
9.885864789022121846e-01
-9.978304624840858006e-01
9.978304624840858006e-01
