0.000000000000000000e+00
-5.277348408831000065e-02
5.277348408831000065e-02
-1.053998790163441501e-01
1.053998790163441501e-01
-1.577325055878579796e-01
1.577325055878579796e-01
-2.096255033920365329e-01
2.096255033920365329e-01
-2.609342373428117368e-01
2.609342373428117368e-01
-3.115157008030137176e-01
3.115157008030137176e-01
-3.612289141697948014e-01
3.612289141697948014e-01
-4.099353178104189754e-01
4.099353178104189754e-01
-4.574991582532667023e-01
4.574991582532667023e-01
-5.037878665577180115e-01
5.037878665577180115e-01
-5.486724278083964235e-01
5.486724278083964235e-01
-5.920277407040301920e-01
5.920277407040301920e-01
-6.337329662388501150e-01
6.337329662388501150e-01
-6.736718645049372123e-01
6.736718645049372123e-01
-7.117331186771976848e-01
7.117331186771976848e-01
-7.478106452786402736e-01
7.478106452786402736e-01
-7.818038898623609345e-01
7.818038898623609345e-01
-8.136181072882116005e-01
8.136181072882116005e-01
-8.431646258168722374e-01
8.431646258168722374e-01
-8.703610942928822203e-01
8.703610942928822203e-01
-8.951317117434720583e-01
8.951317117434720583e-01
-9.174074387881552273e-01
9.174074387881552273e-01
-9.371261903534539028e-01
9.371261903534539028e-01
-9.542330093769511024e-01
9.542330093769511024e-01
-9.686802216817815836e-01
9.686802216817815836e-01
-9.804275739567156478e-01
9.804275739567156478e-01
-9.894423651337309611e-01
9.894423651337309611e-01
-9.956996403832459874e-01
9.956996403832459874e-01
-9.991833539092946914e-01
9.991833539092946914e-01
