0.000000000000000000e+00
-9.955531215234152131e-02
9.955531215234152131e-02
-1.981211993355706247e-01
1.981211993355706247e-01
-2.947180699817016358e-01
2.947180699817016358e-01
-3.883859016082329418e-01
3.883859016082329418e-01
-4.781937820449024823e-01
4.781937820449024823e-01
-5.632491614071493125e-01
5.632491614071493125e-01
-6.427067229242603430e-01
6.427067229242603430e-01
-7.157767845868532319e-01
7.157767845868532319e-01
-7.817331484166248901e-01
7.817331484166248901e-01
-8.399203201462673851e-01
8.399203201462673851e-01
-8.897600299482710806e-01
8.897600299482710806e-01
-9.307569978966481195e-01
9.307569978966481195e-01
-9.625039250929496859e-01
9.625039250929496859e-01
-9.846859096651524590e-01
9.846859096651524590e-01
-9.970874818194770395e-01
9.970874818194770395e-01
