0.000000000000000000e+00
-1.455618541608950933e-01
1.455618541608950933e-01
-2.880213168024011172e-01
2.880213168024011172e-01
-4.243421202074387777e-01
4.243421202074387777e-01
-5.516188358872198272e-01
5.516188358872198272e-01
-6.671388041974123384e-01
6.671388041974123384e-01
-7.684399634756778896e-01
7.684399634756778896e-01
-8.533633645833172965e-01
8.533633645833172965e-01
-9.200993341504007939e-01
9.200993341504007939e-01
-9.672268385663063128e-01
9.672268385663063128e-01
-9.937521706203894523e-01
9.937521706203894523e-01
