-3.109833832718887636e-02
3.109833832718887636e-02
-9.317470156008614279e-02
9.317470156008614279e-02
-1.548905899981458945e-01
1.548905899981458945e-01
-2.160072368760417583e-01
2.160072368760417583e-01
-2.762881937795320098e-01
2.762881937795320098e-01
-3.355002454194373485e-01
3.355002454194373485e-01
-3.934143118975651499e-01
3.934143118975651499e-01
-4.498063349740387684e-01
4.498063349740387684e-01
-5.044581449074642121e-01
5.044581449074642121e-01
-5.571583045146500934e-01
5.571583045146500934e-01
-6.077029271849502257e-01
6.077029271849502257e-01
-6.558964656854393560e-01
6.558964656854393560e-01
-7.015524687068221965e-01
7.015524687068221965e-01
-7.444943022260684939e-01
7.444943022260684939e-01
-7.845558329003993192e-01
7.845558329003993192e-01
-8.215820708593359889e-01
8.215820708593359889e-01
-8.554297694299460852e-01
8.554297694299460852e-01
-8.859679795236130584e-01
8.859679795236130584e-01
-9.130785566557918509e-01
9.130785566557918509e-01
-9.366566189448779500e-01
9.366566189448779500e-01
-9.566109552428079255e-01
9.566109552428079255e-01
-9.728643851066920423e-01
9.728643851066920423e-01
-9.853540840480058405e-01
9.853540840480058405e-01
-9.940319694320907118e-01
9.940319694320907118e-01
-9.988664044200710190e-01
9.988664044200710190e-01
