0.000000000000000000e+00
-6.096110015057872727e-02
6.096110015057872727e-02
-1.216954210188887636e-01
1.216954210188887636e-01
-1.819770269570775423e-01
1.819770269570775423e-01
-2.415816664477987152e-01
2.415816664477987152e-01
-3.002876063353319136e-01
3.002876063353319136e-01
-3.578764566884095055e-01
3.578764566884095055e-01
-4.141339832263039034e-01
4.141339832263039034e-01
-4.688509042860410370e-01
4.688509042860410370e-01
-5.218236693661858494e-01
5.218236693661858494e-01
-5.728552163513038753e-01
5.728552163513038753e-01
-6.217557046007232691e-01
6.217557046007232691e-01
-6.683432211753700392e-01
6.683432211753700392e-01
-7.124444575770366717e-01
7.124444575770366717e-01
-7.538953544853754796e-01
7.538953544853754796e-01
-7.925417120993811793e-01
7.925417120993811793e-01
-8.282397638230648562e-01
8.282397638230648562e-01
-8.608567111822923446e-01
8.608567111822923446e-01
-8.902712180295273559e-01
8.902712180295273559e-01
-9.163738623097802405e-01
9.163738623097802405e-01
-9.390675440029623289e-01
9.390675440029623289e-01
-9.582678486139082352e-01
9.582678486139082352e-01
-9.739033680193238673e-01
9.739033680193238673e-01
-9.859159917359029413e-01
9.859159917359029413e-01
-9.942612604367525586e-01
9.942612604367525586e-01
-9.989099908489035284e-01
9.989099908489035284e-01
