-2.684701236594235624e-02
2.684701236594235624e-02
-8.046363021414272565e-02
8.046363021414272565e-02
-1.338482505954668444e-01
1.338482505954668444e-01
-1.868469518357613324e-01
1.868469518357613324e-01
-2.393069249661534670e-01
2.393069249661534670e-01
-2.910769143111092139e-01
2.910769143111092139e-01
-3.420076535979952870e-01
3.420076535979952870e-01
-3.919522963307531249e-01
3.919522963307531249e-01
-4.407668391868395652e-01
4.407668391868395652e-01
-4.883105372167184655e-01
4.883105372167184655e-01
-5.344463096488475395e-01
5.344463096488475395e-01
-5.790411351302250376e-01
5.790411351302250376e-01
-6.219664352630791537e-01
6.219664352630791537e-01
-6.630984453321252525e-01
6.630984453321252525e-01
-7.023185711539081666e-01
7.023185711539081666e-01
-7.395137310200422531e-01
7.395137310200422531e-01
-7.745766817496527734e-01
7.745766817496527734e-01
-8.074063279130881954e-01
8.074063279130881954e-01
-8.379080133393733698e-01
8.379080133393733698e-01
-8.659937940748074769e-01
8.659937940748074769e-01
-8.915826920220302210e-01
8.915826920220302210e-01
-9.146009285643524889e-01
9.146009285643524889e-01
-9.349821375882593211e-01
9.349821375882593211e-01
-9.526675575188691125e-01
9.526675575188691125e-01
-9.676062025029240621e-01
9.676062025029240621e-01
-9.797550146943503346e-01
9.797550146943503346e-01
-9.890790082484426371e-01
9.890790082484426371e-01
-9.955514765972909297e-01
9.955514765972909297e-01
-9.991552004073865900e-01
9.991552004073865900e-01
