0.000000000000000000e+00
-7.215299087458623695e-02
7.215299087458623695e-02
-1.439298095107133246e-01
1.439298095107133246e-01
-2.149562448605182030e-01
2.149562448605182030e-01
-2.848619980329136214e-01
2.848619980329136214e-01
-3.532826128643037911e-01
3.532826128643037911e-01
-4.198613760292692620e-01
4.198613760292692620e-01
-4.842511767857347049e-01
4.842511767857347049e-01
-5.461163166600847552e-01
5.461163166600847552e-01
-6.051342596396009910e-01
6.051342596396009910e-01
-6.609973137514981723e-01
6.609973137514981723e-01
-7.134142352689570865e-01
7.134142352689570865e-01
-7.621117471949551136e-01
7.621117471949551136e-01
-8.068359641369385882e-01
8.068359641369385882e-01
-8.473537162093150998e-01
8.473537162093150998e-01
-8.834537652186168488e-01
8.834537652186168488e-01
-9.149479072061387219e-01
9.149479072061387219e-01
-9.416719568476378255e-01
9.416719568476378255e-01
-9.634866130140800067e-01
9.634866130140800067e-01
-9.802782209802552993e-01
9.802782209802552993e-01
-9.919595575932441678e-01
9.919595575932441678e-01
-9.984723322425077541e-01
9.984723322425077541e-01
