0.000000000000000000e+00
-6.608692391635567764e-02
6.608692391635567764e-02
-1.318848665545148957e-01
1.318848665545148957e-01
-1.971061102791118180e-01
1.971061102791118180e-01
-2.614654592149745493e-01
2.614654592149745493e-01
-3.246814863377359139e-01
3.246814863377359139e-01
-3.864777640846671636e-01
3.864777640846671636e-01
-4.465840731048557055e-01
4.465840731048557055e-01
-5.047375838635779211e-01
5.047375838635779211e-01
-5.606840059346641647e-01
5.606840059346641647e-01
-6.141786999563736416e-01
6.141786999563736416e-01
-6.649877473903327285e-01
6.649877473903327285e-01
-7.128889734090643193e-01
7.128889734090643193e-01
-7.576729184454386035e-01
7.576729184454386035e-01
-7.991437541677419709e-01
7.991437541677419709e-01
-8.371201398999020826e-01
8.371201398999020826e-01
-8.714360157968963350e-01
8.714360157968963350e-01
-9.019413294385253410e-01
9.019413294385253410e-01
-9.285026930123606581e-01
9.285026930123606581e-01
-9.510039692577084702e-01
9.510039692577084702e-01
-9.693467873265645407e-01
9.693467873265645407e-01
-9.834510030716236972e-01
9.834510030716236972e-01
-9.932552109877685886e-01
9.932552109877685886e-01
-9.987187285842120676e-01
9.987187285842120676e-01
