-6.973927331972222532e-02
6.973927331972222532e-02
-2.078604266882212726e-01
2.078604266882212726e-01
-3.419358208920842412e-01
3.419358208920842412e-01
-4.693558379867570074e-01
4.693558379867570074e-01
-5.876404035069116016e-01
5.876404035069116016e-01
-6.944872631866827462e-01
6.944872631866827462e-01
-7.878168059792081124e-01
7.878168059792081124e-01
-8.658125777203001805e-01
8.658125777203001805e-01
-9.269567721871739829e-01
9.269567721871739829e-01
-9.700604978354286922e-01
9.700604978354286922e-01
-9.942945854823992402e-01
9.942945854823992402e-01
