-5.147184255531769836e-02
5.147184255531769836e-02
-1.538699136085835417e-01
1.538699136085835417e-01
-2.546369261678898543e-01
2.546369261678898543e-01
-3.527047255308781160e-01
3.527047255308781160e-01
-4.470337695380891541e-01
4.470337695380891541e-01
-5.366241481420198634e-01
5.366241481420198634e-01
-6.205261829892428915e-01
6.205261829892428915e-01
-6.978504947933158453e-01
6.978504947933158453e-01
-7.677774321048261852e-01
7.677774321048261852e-01
-8.295657623827683569e-01
8.295657623827683569e-01
-8.825605357920527361e-01
8.825605357920527361e-01
-9.262000474292743091e-01
9.262000474292743091e-01
-9.600218649683075478e-01
9.600218649683075478e-01
-9.836681232797471752e-01
9.836681232797471752e-01
-9.968934840746495052e-01
9.968934840746495052e-01
