-2.435029266342443252e-02
2.435029266342443252e-02
-7.299312178779904237e-02
7.299312178779904237e-02
-1.214628192961205583e-01
1.214628192961205583e-01
-1.696444204239928311e-01
1.696444204239928311e-01
-2.174236437400070832e-01
2.174236437400070832e-01
-2.646871622087674236e-01
2.646871622087674236e-01
-3.113228719902109698e-01
3.113228719902109698e-01
-3.572201583376681255e-01
3.572201583376681255e-01
-4.022701579639916258e-01
4.022701579639916258e-01
-4.463660172534640869e-01
4.463660172534640869e-01
-4.894031457070529556e-01
4.894031457070529556e-01
-5.312794640198945650e-01
5.312794640198945650e-01
-5.718956462026340004e-01
5.718956462026340004e-01
-6.111553551723932776e-01
6.111553551723932776e-01
-6.489654712546573112e-01
6.489654712546573112e-01
-6.852363130542332703e-01
6.852363130542332703e-01
-7.198818501716108820e-01
7.198818501716108820e-01
-7.528199072605319397e-01
7.528199072605319397e-01
-7.839723589433413853e-01
7.839723589433413853e-01
-8.132653151227975385e-01
8.132653151227975385e-01
-8.406292962525803159e-01
8.406292962525803159e-01
-8.659993981540927699e-01
8.659993981540927699e-01
-8.893154459951141400e-01
8.893154459951141400e-01
-9.105221370785028245e-01
9.105221370785028245e-01
-9.295691721319395695e-01
9.295691721319395695e-01
-9.464113748584027652e-01
9.464113748584027652e-01
-9.610087996520537690e-01
9.610087996520537690e-01
-9.733268277899109755e-01
9.733268277899109755e-01
-9.833362538846259771e-01
9.833362538846259771e-01
-9.910133714767442870e-01
9.910133714767442870e-01
-9.963401167719553309e-01
9.963401167719553309e-01
-9.993050417357721704e-01
9.993050417357721704e-01
