0.000000000000000000e+00
-1.332568242984661089e-01
1.332568242984661089e-01
-2.641356809703449549e-01
2.641356809703449549e-01
-3.903010380302908144e-01
3.903010380302908144e-01
-5.095014778460075222e-01
5.095014778460075222e-01
-6.196098757636461229e-01
6.196098757636461229e-01
-7.186613631319501705e-01
7.186613631319501705e-01
-8.048884016188398993e-01
8.048884016188398993e-01
-8.767523582704416230e-01
8.767523582704416230e-01
-9.329710868260161494e-01
9.329710868260161494e-01
-9.725424712181152120e-01
9.725424712181152120e-01
-9.947693349975521571e-01
9.947693349975521571e-01
