0.000000000000000000e+00
-5.868505430025946351e-02
5.868505430025946351e-02
-1.171678090719551479e-01
1.171678090719551479e-01
-1.752466621553257498e-01
1.752466621553257498e-01
-2.327214037242726075e-01
2.327214037242726075e-01
-2.893939064516262150e-01
2.893939064516262150e-01
-3.450688084957223567e-01
3.450688084957223567e-01
-3.995541869539529500e-01
3.995541869539529500e-01
-4.526622194618458161e-01
4.526622194618458161e-01
-5.042098316571334005e-01
5.042098316571334005e-01
-5.540193282770679017e-01
5.540193282770679017e-01
-6.019190057137693284e-01
6.019190057137693284e-01
-6.477437439165100175e-01
6.477437439165100175e-01
-6.913355756013667142e-01
6.913355756013667142e-01
-7.325442308075102993e-01
7.325442308075102993e-01
-7.712276549255323577e-01
7.712276549255323577e-01
-8.072524984168955031e-01
8.072524984168955031e-01
-8.404945765458013973e-01
8.404945765458013973e-01
-8.708392975582412987e-01
8.708392975582412987e-01
-8.981820578754265982e-01
8.981820578754265982e-01
-9.224286030428121563e-01
9.224286030428121563e-01
-9.434953534644419104e-01
9.434953534644419104e-01
-9.613096946231363127e-01
9.613096946231363127e-01
-9.758102337149845429e-01
9.758102337149845429e-01
-9.869470350233715550e-01
9.869470350233715550e-01
-9.946819193080070898e-01
9.946819193080070898e-01
-9.989899477763282132e-01
9.989899477763282132e-01
