-2.881674819934177886e-02
2.881674819934177886e-02
-8.635451826324822000e-02
8.635451826324822000e-02
-1.436054273162561401e-01
1.436054273162561401e-01
-2.003792936062135654e-01
2.003792936062135654e-01
-2.564875200699973101e-01
2.564875200699973101e-01
-3.117437208344682187e-01
3.117437208344682187e-01
-3.659643403721911659e-01
3.659643403721911659e-01
-4.189692632552045048e-01
4.189692632552045048e-01
-4.705824124813822729e-01
4.705824124813822729e-01
-5.206323343859330377e-01
5.206323343859330377e-01
-5.689527681952094573e-01
5.689527681952094573e-01
-6.153831983311274234e-01
6.153831983311274234e-01
-6.597693876319831174e-01
6.597693876319831174e-01
-7.019638897191728955e-01
7.019638897191728955e-01
-7.418265388091843660e-01
7.418265388091843660e-01
-7.792249153462540434e-01
7.792249153462540434e-01
-8.140347859135678155e-01
8.140347859135678155e-01
-8.461405159707729995e-01
8.461405159707729995e-01
-8.754354540655688854e-01
8.754354540655688854e-01
-9.018222862847016241e-01
9.018222862847016241e-01
-9.252133598666515413e-01
9.252133598666515413e-01
-9.455309751649958461e-01
9.455309751649958461e-01
-9.627076457859236047e-01
9.627076457859236047e-01
-9.766863288579031854e-01
9.766863288579031854e-01
-9.874206373973435369e-01
9.874206373973435369e-01
-9.948751170183388615e-01
9.948751170183388615e-01
-9.990266668673409844e-01
9.990266668673409844e-01
