-3.377219001605204218e-02
3.377219001605204218e-02
-1.011624753055842402e-01
1.011624753055842402e-01
-1.680911794671035298e-01
1.680911794671035298e-01
-2.342529222062697813e-01
2.342529222062697813e-01
-2.993458227018699902e-01
2.993458227018699902e-01
-3.630728770209957212e-01
3.630728770209957212e-01
-4.251433132828283945e-01
4.251433132828283945e-01
-4.852739183881646379e-01
4.852739183881646379e-01
-5.431903302618026341e-01
5.431903302618026341e-01
-5.986282897127152003e-01
5.986282897127152003e-01
-6.513348462019976637e-01
6.513348462019976637e-01
-7.010695120204056829e-01
7.010695120204056829e-01
-7.476053596156660985e-01
7.476053596156660985e-01
-7.907300570752742175e-01
7.907300570752742175e-01
-8.302468370660660568e-01
8.302468370660660568e-01
-8.659753948668580392e-01
8.659753948668580392e-01
-8.977527115339419828e-01
8.977527115339419828e-01
-9.254337988067539156e-01
9.254337988067539156e-01
-9.488923634460898482e-01
9.488923634460898482e-01
-9.680213918539919415e-01
9.680213918539919415e-01
-9.827336698041668761e-01
9.827336698041668761e-01
-9.929623489061744079e-01
9.929623489061744079e-01
-9.986630421338179575e-01
9.986630421338179575e-01
