-2.991410979733876568e-02
2.991410979733876568e-02
-8.963524464890056109e-02
8.963524464890056109e-02
-1.490355086069491686e-01
1.490355086069491686e-01
-2.079022641563660623e-01
2.079022641563660623e-01
-2.660247836050018133e-01
2.660247836050018133e-01
-3.231950034348078371e-01
3.231950034348078371e-01
-3.792082691160936769e-01
3.792082691160936769e-01
-4.338640677187616812e-01
4.338640677187616812e-01
-4.869667456980960596e-01
4.869667456980960596e-01
-5.383262092858274173e-01
5.383262092858274173e-01
-5.877586049795791023e-01
5.877586049795791023e-01
-6.350869776952459134e-01
6.350869776952459134e-01
-6.801419042271676929e-01
6.801419042271676929e-01
-7.227620997499831779e-01
7.227620997499831779e-01
-7.627949951937449402e-01
7.627949951937449402e-01
-8.000972834304683756e-01
8.000972834304683756e-01
-8.345354323267345498e-01
8.345354323267345498e-01
-8.659861628460675531e-01
8.659861628460675531e-01
-8.943368905344952768e-01
8.943368905344952768e-01
-9.194861289164245610e-01
9.194861289164245610e-01
-9.413438536413590851e-01
9.413438536413590851e-01
-9.598318269330865515e-01
9.598318269330865515e-01
-9.748838842217445455e-01
9.748838842217445455e-01
-9.864461956515498953e-01
9.864461956515498953e-01
-9.944775909292160598e-01
9.944775909292160598e-01
-9.989511111039502955e-01
9.989511111039502955e-01
