0.000000000000000000e+00
-1.228646926107103965e-01
1.228646926107103965e-01
-2.438668837209884421e-01
2.438668837209884421e-01
-3.611723058093878613e-01
3.611723058093878613e-01
-4.730027314457149745e-01
4.730027314457149745e-01
-5.776629302412229494e-01
5.776629302412229494e-01
-6.735663684734684020e-01
6.735663684734684020e-01
-7.592592630373575791e-01
7.592592630373575791e-01
-8.334426287608339701e-01
8.334426287608339701e-01
-8.949919978782753249e-01
8.949919978782753249e-01
-9.429745712289743231e-01
9.429745712289743231e-01
-9.766639214595175256e-01
9.766639214595175256e-01
-9.955569697904981252e-01
9.955569697904981252e-01
