-7.652652113349733831e-02
7.652652113349733831e-02
-2.277858511416450682e-01
2.277858511416450682e-01
-3.737060887154195488e-01
3.737060887154195488e-01
-5.108670019508271265e-01
5.108670019508271265e-01
-6.360536807265150250e-01
6.360536807265150250e-01
-7.463319064601507957e-01
7.463319064601507957e-01
-8.391169718222187823e-01
8.391169718222187823e-01
-9.122344282513259461e-01
9.122344282513259461e-01
-9.639719272779138093e-01
9.639719272779138093e-01
-9.931285991850948847e-01
9.931285991850948847e-01
