0.000000000000000000e+00
-8.367040895476990370e-02
8.367040895476990370e-02
-1.667539302398519663e-01
1.667539302398519663e-01
-2.486677927913657493e-01
2.486677927913657493e-01
-3.288374298837070109e-01
3.288374298837070109e-01
-4.067005093183261311e-01
4.067005093183261311e-01
-4.817108778032055394e-01
4.817108778032055394e-01
-5.533423918615817394e-01
5.533423918615817394e-01
-6.210926084089244403e-01
6.210926084089244403e-01
-6.844863091309593139e-01
6.844863091309593139e-01
-7.430788339819652810e-01
7.430788339819652810e-01
-7.964592005099022654e-01
7.964592005099022654e-01
-8.442529873405559826e-01
8.442529873405559826e-01
-8.861249621554860845e-01
8.861249621554860845e-01
-9.217814374124637666e-01
9.217814374124637666e-01
-9.509723432620947881e-01
9.509723432620947881e-01
-9.734930300564857975e-01
9.734930300564857975e-01
-9.891859632143191750e-01
9.891859632143191750e-01
-9.979445824779136220e-01
9.979445824779136220e-01
