-2.779703528727543727e-02
2.779703528727543727e-02
-8.330518682243537310e-02
8.330518682243537310e-02
-1.385558468103762486e-01
1.385558468103762486e-01
-1.933782386352752569e-01
1.933782386352752569e-01
-2.476029094343372150e-01
2.476029094343372150e-01
-3.010622538672206860e-01
3.010622538672206860e-01
-3.535910321749545226e-01
3.535910321749545226e-01
-4.050268809270912707e-01
4.050268809270912707e-01
-4.552108148784596020e-01
4.552108148784596020e-01
-5.039877183843817221e-01
5.039877183843817221e-01
-5.512068248555346273e-01
5.512068248555346273e-01
-5.967221827706633563e-01
5.967221827706633563e-01
-6.403931068070068955e-01
6.403931068070068955e-01
-6.820846126944704046e-01
6.820846126944704046e-01
-7.216678344501881170e-01
7.216678344501881170e-01
-7.590204227051289276e-01
7.590204227051289276e-01
-7.940269228938664492e-01
7.940269228938664492e-01
-8.265791321428817007e-01
8.265791321428817007e-01
-8.565764337627486125e-01
8.565764337627486125e-01
-8.839261083278275866e-01
8.839261083278275866e-01
-9.085436204206555066e-01
9.085436204206555066e-01
-9.303528802474962944e-01
9.303528802474962944e-01
-9.492864795619626594e-01
9.492864795619626594e-01
-9.652859019054901291e-01
9.652859019054901291e-01
-9.783017091402563814e-01
9.783017091402563814e-01
-9.882937155401615437e-01
9.882937155401615437e-01
-9.952312260810697309e-01
9.952312260810697309e-01
-9.990943438014655564e-01
9.990943438014655564e-01
