0.000000000000000000e+00
-5.105890670797434694e-02
5.105890670797434694e-02
-1.019846065622740661e-01
1.019846065622740661e-01
-1.526442402308152979e-01
1.526442402308152979e-01
-2.029056425180585099e-01
2.029056425180585099e-01
-2.526376871690534931e-01
2.526376871690534931e-01
-3.017106289630306915e-01
3.017106289630306915e-01
-3.499964422040668377e-01
3.499964422040668377e-01
-3.973691547257566237e-01
3.973691547257566237e-01
-4.437051765385315871e-01
4.437051765385315871e-01
-4.888836222622521266e-01
4.888836222622521266e-01
-5.327866265029252979e-01
5.327866265029252979e-01
-5.752996513508306098e-01
5.752996513508306098e-01
-6.163117851979217354e-01
6.163117851979217354e-01
-6.557160320950708998e-01
6.557160320950708998e-01
-6.934095908944911679e-01
6.934095908944911679e-01
-7.292941234494650926e-01
7.292941234494650926e-01
-7.632760111723122520e-01
7.632760111723122520e-01
-7.952665992823596541e-01
7.952665992823596541e-01
-8.251824281086599377e-01
8.251824281086599377e-01
-8.529454508476634889e-01
8.529454508476634889e-01
-8.784832372148810853e-01
8.784832372148810853e-01
-9.017291624740011446e-01
9.017291624740011446e-01
-9.226225813829552758e-01
9.226225813829552758e-01
-9.411089866813611149e-01
9.411089866813611149e-01
-9.571401519129840718e-01
9.571401519129840718e-01
-9.706742588331829236e-01
9.706742588331829236e-01
-9.816760112840370311e-01
9.816760112840370311e-01
-9.901167452325170260e-01
9.901167452325170260e-01
-9.959745998151202651e-01
9.959745998151202651e-01
-9.992355976313634924e-01
9.992355976313634924e-01
