0.000000000000000000e+00
-4.945218711615962520e-02
4.945218711615962520e-02
-9.878335644694527518e-02
9.878335644694527518e-02
-1.478727863578719603e-01
1.478727863578719603e-01
-1.966003467915066749e-01
1.966003467915066749e-01
-2.448467932459533758e-01
2.448467932459533758e-01
-2.924940585862514375e-01
2.924940585862514375e-01
-3.394255419745844105e-01
3.394255419745844105e-01
-3.855263942122478804e-01
3.855263942122478804e-01
-4.306837987951115942e-01
4.306837987951115942e-01
-4.747872479948043734e-01
4.747872479948043734e-01
-5.177288132900332851e-01
5.177288132900332851e-01
-5.594034094862849749e-01
5.594034094862849749e-01
-5.997090518776252432e-01
5.997090518776252432e-01
-6.385471058213654239e-01
6.385471058213654239e-01
-6.758225281149861097e-01
6.758225281149861097e-01
-7.114440995848457794e-01
7.114440995848457794e-01
-7.453246483178473936e-01
7.453246483178473936e-01
-7.773812629903723570e-01
7.773812629903723570e-01
-8.075354957734567352e-01
8.075354957734567352e-01
-8.357135543195028937e-01
8.357135543195028937e-01
-8.618464823641237560e-01
8.618464823641237560e-01
-8.858703285078534106e-01
8.858703285078534106e-01
-9.077263027785316130e-01
9.077263027785316130e-01
-9.273609206218431655e-01
9.273609206218431655e-01
-9.447261340410098018e-01
9.447261340410098018e-01
-9.597794497589419160e-01
9.597794497589419160e-01
-9.724840346975700545e-01
9.724840346975700545e-01
-9.828088105937272667e-01
9.828088105937272667e-01
-9.907285468921894767e-01
9.907285468921894767e-01
-9.962240127779701249e-01
9.962240127779701249e-01
-9.992829840291237442e-01
9.992829840291237442e-01
