-4.550982195310254025e-02
4.550982195310254025e-02
-1.361523572591829823e-01
1.361523572591829823e-01
-2.256666916164494774e-01
2.256666916164494774e-01
-3.133110813394632266e-01
3.133110813394632266e-01
-3.983592777586459355e-01
3.983592777586459355e-01
-4.801065451903270276e-01
4.801065451903270276e-01
-5.578755006697466712e-01
5.578755006697466712e-01
-6.310217270805285050e-01
6.310217270805285050e-01
-6.989391132162628972e-01
6.989391132162628972e-01
-7.610648766298729884e-01
7.610648766298729884e-01
-8.168842279009336238e-01
8.168842279009336238e-01
-8.659346383345645215e-01
8.659346383345645215e-01
-9.078096777183244370e-01
9.078096777183244370e-01
-9.421623974051070993e-01
9.421623974051070993e-01
-9.687082625333442998e-01
9.687082625333442998e-01
-9.872278164063095218e-01
9.872278164063095218e-01
-9.975717537908419530e-01
9.975717537908419530e-01
