-3.877241750605082277e-02
3.877241750605082277e-02
-1.160840706752552104e-01
1.160840706752552104e-01
-1.926975807013711073e-01
1.926975807013711073e-01
-2.681521850072536850e-01
2.681521850072536850e-01
-3.419940908257584899e-01
3.419940908257584899e-01
-4.137792043716049806e-01
4.137792043716049806e-01
-4.830758016861786963e-01
4.830758016861786963e-01
-5.494671250951281838e-01
5.494671250951281838e-01
-6.125538896679801892e-01
6.125538896679801892e-01
-6.719566846141795669e-01
6.719566846141795669e-01
-7.273182551899270987e-01
7.273182551899270987e-01
-7.783056514265194181e-01
7.783056514265194181e-01
-8.246122308333116990e-01
8.246122308333116990e-01
-8.659595032122594516e-01
8.659595032122594516e-01
-9.020988069688743449e-01
9.020988069688743449e-01
-9.328128082786765196e-01
9.328128082786765196e-01
-9.579168192137916815e-01
9.579168192137916815e-01
-9.772599499837743009e-01
9.772599499837743009e-01
-9.907262386994569736e-01
9.907262386994569736e-01
-9.982377097105592512e-01
9.982377097105592512e-01
