-2.595977230124780002e-02
2.595977230124780002e-02
-7.780933394953656879e-02
7.780933394953656879e-02
-1.294491353969449976e-01
1.294491353969449976e-01
-1.807399648734254183e-01
1.807399648734254183e-01
-2.315435513760293329e-01
2.315435513760293329e-01
-2.817229374232617101e-01
2.817229374232617101e-01
-3.311428482684481978e-01
3.311428482684481978e-01
-3.796700565767979763e-01
3.796700565767979763e-01
-4.271737415830784146e-01
4.271737415830784146e-01
-4.735258417617070892e-01
4.735258417617070892e-01
-5.186014000585696948e-01
5.186014000585696948e-01
-5.622789007539444883e-01
5.622789007539444883e-01
-6.044405970485103863e-01
6.044405970485103863e-01
-6.449728284894770125e-01
6.449728284894770125e-01
-6.837663273813554543e-01
6.837663273813554543e-01
-7.207165133557303927e-01
7.207165133557303927e-01
-7.557237753065856323e-01
7.557237753065856323e-01
-7.886937399322641040e-01
7.886937399322641040e-01
-8.195375261621458129e-01
8.195375261621458129e-01
-8.481719847859295891e-01
8.481719847859295891e-01
-8.745199226468982623e-01
8.745199226468982623e-01
-8.985103108100459535e-01
8.985103108100459535e-01
-9.200784761776275023e-01
9.200784761776275023e-01
-9.391662761164232265e-01
9.391662761164232265e-01
-9.557222558399961487e-01
9.557222558399961487e-01
-9.697017887650527523e-01
9.697017887650527523e-01
-9.810672017525982058e-01
9.810672017525982058e-01
-9.897878952222217697e-01
9.897878952222217697e-01
-9.958405251188381380e-01
9.958405251188381380e-01
-9.992101232274360756e-01
9.992101232274360756e-01
