-3.238017096286936042e-02
3.238017096286936042e-02
-9.700469920946269697e-02
9.700469920946269697e-02
-1.612223560688917090e-01
1.612223560688917090e-01
-2.247637903946890503e-01
2.247637903946890503e-01
-2.873624873554555537e-01
2.873624873554555537e-01
-3.487558862921607550e-01
3.487558862921607550e-01
-4.086864819907167212e-01
4.086864819907167212e-01
-4.669029047509584140e-01
4.669029047509584140e-01
-5.231609747222329965e-01
5.231609747222329965e-01
-5.772247260839726835e-01
5.772247260839726835e-01
-6.288673967765135986e-01
6.288673967765135986e-01
-6.778723796326638906e-01
6.778723796326638906e-01
-7.240341309238146339e-01
7.240341309238146339e-01
-7.671590325157403578e-01
7.671590325157403578e-01
-8.070662040294426243e-01
8.070662040294426243e-01
-8.435882616243934873e-01
8.435882616243934873e-01
-8.765720202742478540e-01
8.765720202742478540e-01
-9.058791367155696328e-01
9.058791367155696328e-01
-9.313866907065543321e-01
9.313866907065543321e-01
-9.529877031604309101e-01
9.529877031604309101e-01
-9.705915925462472726e-01
9.705915925462472726e-01
-9.841245837228268512e-01
9.841245837228268512e-01
-9.935301722663507640e-01
9.935301722663507640e-01
-9.987710072524260685e-01
9.987710072524260685e-01
