0.000000000000000000e+00
-1.062782301326792300e-01
1.062782301326792300e-01
-2.113522861660010743e-01
2.113522861660010743e-01
-3.140316378676399345e-01
3.140316378676399345e-01
-4.131528881740086367e-01
4.131528881740086367e-01
-5.075929551242276405e-01
5.075929551242276405e-01
-5.962817971382278204e-01
5.962817971382278204e-01
-6.782145376026864625e-01
6.782145376026864625e-01
-7.524628517344771339e-01
7.524628517344771339e-01
-8.181854876152524492e-01
8.181854876152524492e-01
-8.746378049201027904e-01
8.746378049201027904e-01
-9.211802329530587308e-01
9.211802329530587308e-01
-9.572855957780876945e-01
9.572855957780876945e-01
-9.825455052614131546e-01
9.825455052614131546e-01
-9.966794422605965709e-01
9.966794422605965709e-01
