-5.923009342931320753e-02
5.923009342931320753e-02
-1.768588203568901840e-01
1.768588203568901840e-01
-2.920048394859569019e-01
2.920048394859569019e-01
-4.030517551234862883e-01
4.030517551234862883e-01
-5.084407148245057018e-01
5.084407148245057018e-01
-6.066922930176180673e-01
6.066922930176180673e-01
-6.964272604199572836e-01
6.964272604199572836e-01
-7.763859488206789061e-01
7.763859488206789061e-01
-8.454459427884980505e-01
8.454459427884980505e-01
-9.026378619843070661e-01
9.026378619843070661e-01
-9.471590666617142329e-01
9.471590666617142329e-01
-9.783854459564710337e-01
9.783854459564710337e-01
-9.958857011456169195e-01
9.958857011456169195e-01
