0.000000000000000000e+00
-1.139725856095299694e-01
1.139725856095299694e-01
-2.264593654395368472e-01
2.264593654395368472e-01
-3.359939036385088951e-01
3.359939036385088951e-01
-4.411482517500268652e-01
4.411482517500268652e-01
-5.405515645794568558e-01
5.405515645794568558e-01
-6.329079719464951737e-01
6.329079719464951737e-01
-7.170134737394237012e-01
7.170134737394237012e-01
-7.917716390705081819e-01
7.917716390705081819e-01
-8.562079080182944946e-01
8.562079080182944946e-01
-9.094823206774911295e-01
9.094823206774911295e-01
-9.509005578147050608e-01
9.509005578147050608e-01
-9.799234759615012003e-01
9.799234759615012003e-01
-9.961792628889886148e-01
9.961792628889886148e-01
