0.000000000000000000e+00
-6.898698016314416814e-02
6.898698016314416814e-02
-1.376452059832530272e-01
1.376452059832530272e-01
-2.056474897832637483e-01
2.056474897832637483e-01
-2.726697697523775554e-01
2.726697697523775554e-01
-3.383926542506021651e-01
3.383926542506021651e-01
-4.025029438585419062e-01
4.025029438585419062e-01
-4.646951239196350780e-01
4.646951239196350780e-01
-5.246728204629160786e-01
5.246728204629160786e-01
-5.821502125693531760e-01
5.821502125693531760e-01
-6.368533944532233093e-01
6.368533944532233093e-01
-6.885216807712005727e-01
6.885216807712005727e-01
-7.369088489454903579e-01
7.369088489454903579e-01
-7.817843125939062388e-01
7.817843125939062388e-01
-8.229342205020863110e-01
8.229342205020863110e-01
-8.601624759606641968e-01
8.601624759606641968e-01
-8.932916717532417561e-01
8.932916717532417561e-01
-9.221639367190004322e-01
9.221639367190004322e-01
-9.466416909956291148e-01
9.466416909956291148e-01
-9.666083103968946544e-01
9.666083103968946544e-01
-9.819687150345405291e-01
9.819687150345405291e-01
-9.926499984472036964e-01
9.926499984472036964e-01
-9.986036451819366722e-01
9.986036451819366722e-01
