-4.830766568773831732e-02
4.830766568773831732e-02
-1.444719615827964876e-01
1.444719615827964876e-01
-2.392873622521370647e-01
2.392873622521370647e-01
-3.318686022821276671e-01
3.318686022821276671e-01
-4.213512761306353327e-01
4.213512761306353327e-01
-5.068999089322293594e-01
5.068999089322293594e-01
-5.877157572407623043e-01
5.877157572407623043e-01
-6.630442669302152314e-01
6.630442669302152314e-01
-7.321821187402897113e-01
7.321821187402897113e-01
-7.944837959679423856e-01
7.944837959679423856e-01
-8.493676137325699704e-01
8.493676137325699704e-01
-8.963211557660520912e-01
8.963211557660520912e-01
-9.349060759377396668e-01
9.349060759377396668e-01
-9.647622555875063899e-01
9.647622555875063899e-01
-9.856115115452683817e-01
9.856115115452683817e-01
-9.972638618494815699e-01
9.972638618494815699e-01
