0.000000000000000000e+00
-5.460715100164682118e-02
5.460715100164682118e-02
-1.090513328087878014e-01
1.090513328087878014e-01
-1.631700625912642644e-01
1.631700625912642644e-01
-2.168018287961240298e-01
2.168018287961240298e-01
-2.697865731618387386e-01
2.697865731618387386e-01
-3.219661683953786158e-01
3.219661683953786158e-01
-3.731848900865944452e-01
3.731848900865944452e-01
-4.232898814515639319e-01
4.232898814515639319e-01
-4.721316095179757255e-01
4.721316095179757255e-01
-5.195643113911876387e-01
5.195643113911876387e-01
-5.654464292692367167e-01
5.654464292692367167e-01
-6.096410329087154079e-01
6.096410329087154079e-01
-6.520162282809769394e-01
6.520162282809769394e-01
-6.924455511995177837e-01
6.924455511995177837e-01
-7.308083447445232750e-01
7.308083447445232750e-01
-7.669901193594501621e-01
7.669901193594501621e-01
-8.008828945472182825e-01
8.008828945472182825e-01
-8.323855211504390672e-01
8.323855211504390672e-01
-8.614039832620469239e-01
8.614039832620469239e-01
-8.878516788822213845e-01
8.878516788822213845e-01
-9.116496785213912268e-01
9.116496785213912268e-01
-9.327269610671017341e-01
9.327269610671017341e-01
-9.510206264478767713e-01
9.510206264478767713e-01
-9.664760851718866563e-01
9.664760851718866563e-01
-9.790472267094687542e-01
9.790472267094687542e-01
-9.886965776502220082e-01
9.886965776502220082e-01
-9.953955236784303162e-01
9.953955236784303162e-01
-9.991255656252628903e-01
9.991255656252628903e-01
