-6.405689286260562998e-02
6.405689286260562998e-02
-1.911188674736163107e-01
1.911188674736163107e-01
-3.150426796961633968e-01
3.150426796961633968e-01
-4.337935076260451273e-01
4.337935076260451273e-01
-5.454214713888395627e-01
5.454214713888395627e-01
-6.480936519369755455e-01
6.480936519369755455e-01
-7.401241915785543579e-01
7.401241915785543579e-01
-8.200019859739029471e-01
8.200019859739029471e-01
-8.864155270044010715e-01
8.864155270044010715e-01
-9.382745520027327979e-01
9.382745520027327979e-01
-9.747285559713094738e-01
9.747285559713094738e-01
-9.951872199970213106e-01
9.951872199970213106e-01
