0.000000000000000000e+00
-7.562325898916300027e-02
7.562325898916300027e-02
-1.508133548639921662e-01
1.508133548639921662e-01
-2.251396056334227791e-01
2.251396056334227791e-01
-2.981762773418248913e-01
2.981762773418248913e-01
-3.695050226404814619e-01
3.695050226404814619e-01
-4.387172770514070619e-01
4.387172770514070619e-01
-5.054165991994060692e-01
5.054165991994060692e-01
-5.692209416102158581e-01
5.692209416102158581e-01
-6.297648390721962697e-01
6.297648390721962697e-01
-6.867015020349512833e-01
6.867015020349512833e-01
-7.397048030699261423e-01
7.397048030699261423e-01
-7.884711450474093386e-01
7.884711450474093386e-01
-8.327212004013613278e-01
8.327212004013613278e-01
-8.722015116924414224e-01
8.722015116924414224e-01
-9.066859447581011588e-01
9.066859447581011588e-01
-9.359769874978538517e-01
9.359769874978538517e-01
-9.599068917303462678e-01
9.599068917303462678e-01
-9.783386735610833940e-01
9.783386735610833940e-01
-9.911671096990163354e-01
9.911671096990163354e-01
-9.983215885747714902e-01
9.983215885747714902e-01
