0.000000000000000000e+00
-9.363106585473338073e-02
9.363106585473338073e-02
-1.864392988279915675e-01
1.864392988279915675e-01
-2.776090971524970419e-01
2.776090971524970419e-01
-3.663392577480733547e-01
3.663392577480733547e-01
-4.518500172724507213e-01
4.518500172724507213e-01
-5.333899047863476239e-01
5.333899047863476239e-01
-6.102423458363790409e-01
6.102423458363790409e-01
-6.817319599697427845e-01
6.817319599697427845e-01
-7.472304964495621871e-01
7.472304964495621871e-01
-8.061623562741665472e-01
8.061623562741665472e-01
-8.580096526765040865e-01
8.580096526765040865e-01
-9.023167677434336120e-01
9.023167677434336120e-01
-9.386943726111683928e-01
9.386943726111683928e-01
-9.668229096899927377e-01
9.668229096899927377e-01
-9.864557262306424823e-01
9.864557262306424823e-01
-9.974246942464551902e-01
9.974246942464551902e-01
