0.000000000000000000e+00
-6.342068498268678411e-02
6.342068498268678411e-02
-1.265859972696720404e-01
1.265859972696720404e-01
-1.892415924618135736e-01
1.892415924618135736e-01
-2.511351786125772811e-01
2.511351786125772811e-01
-3.120175321197487528e-01
3.120175321197487528e-01
-3.716435012622849032e-01
3.716435012622849032e-01
-4.297729933415765369e-01
4.297729933415765369e-01
-4.861719414524920402e-01
4.861719414524920402e-01
-5.406132469917260819e-01
5.406132469917260819e-01
-5.928776941089006769e-01
5.928776941089006769e-01
-6.427548324192376983e-01
6.427548324192376983e-01
-6.900438244251321240e-01
6.900438244251321240e-01
-7.345542542374027262e-01
7.345542542374027262e-01
-7.761068943454466629e-01
7.761068943454466629e-01
-8.145344273598554841e-01
8.145344273598554841e-01
-8.496821198441657508e-01
8.496821198441657508e-01
-8.814084455730089029e-01
8.814084455730089029e-01
-9.095856558280732695e-01
9.095856558280732695e-01
-9.341002947558101344e-01
9.341002947558101344e-01
-9.548536586741371845e-01
9.548536586741371845e-01
-9.717622009015554063e-01
9.717622009015554063e-01
-9.847578959142130328e-01
9.847578959142130328e-01
-9.937886619441678171e-01
9.937886619441678171e-01
-9.988201506066354263e-01
9.988201506066354263e-01
