0.000000000000000000e+00
-5.657275381833677674e-02
5.657275381833677674e-02
-1.129642880593292598e-01
1.129642880593292598e-01
-1.689939636468732187e-01
1.689939636468732187e-01
-2.244823006478454952e-01
2.244823006478454952e-01
-2.792515532008065238e-01
2.792515532008065238e-01
-3.331262788900238858e-01
3.331262788900238858e-01
-3.859339007409794409e-01
3.859339007409794409e-01
-4.375052600371746037e-01
4.375052600371746037e-01
-4.876751581874740893e-01
4.876751581874740893e-01
-5.362828859083432764e-01
5.362828859083432764e-01
-5.831727380260320892e-01
5.831727380260320892e-01
-6.281945122499281720e-01
6.281945122499281720e-01
-6.712039903198263602e-01
6.712039903198263602e-01
-7.120633999866378128e-01
7.120633999866378128e-01
-7.506418563480219408e-01
7.506418563480219408e-01
-7.868157811276224045e-01
7.868157811276224045e-01
-8.204692985593209364e-01
8.204692985593209364e-01
-8.514946066171544814e-01
8.514946066171544814e-01
-8.797923224198954673e-01
8.797923224198954673e-01
-9.052718007440000436e-01
9.052718007440000436e-01
-9.278514247207917398e-01
9.278514247207917398e-01
-9.474588680412107111e-01
9.474588680412107111e-01
-9.640313285931352283e-01
9.640313285931352283e-01
-9.775157355039891804e-01
9.775157355039891804e-01
-9.878689411988892388e-01
9.878689411988892388e-01
-9.950579778474119008e-01
9.950579778474119008e-01
-9.990614195648185314e-01
9.990614195648185314e-01
