-5.507928988403427289e-02
5.507928988403427289e-02
-1.645692821333807621e-01
1.645692821333807621e-01
-2.720616276351781049e-01
2.720616276351781049e-01
-3.762515160890786969e-01
3.762515160890786969e-01
-4.758742249551182746e-01
4.758742249551182746e-01
-5.697204718114017297e-01
5.697204718114017297e-01
-6.566510940388650130e-01
6.566510940388650130e-01
-7.356108780136317860e-01
7.356108780136317860e-01
-8.056413709171791337e-01
8.056413709171791337e-01
-8.658925225743950849e-01
8.658925225743950849e-01
-9.156330263921320656e-01
9.156330263921320656e-01
-9.542592806289381668e-01
9.542592806289381668e-01
-9.813031653708726987e-01
9.813031653708726987e-01
-9.964424975739544221e-01
9.964424975739544221e-01
