-4.078514790457823946e-02
4.078514790457823946e-02
-1.220840253378674134e-01
1.220840253378674134e-01
-2.025704538921166975e-01
2.025704538921166975e-01
-2.817088097901652710e-01
2.817088097901652710e-01
-3.589724404794349955e-01
3.589724404794349955e-01
-4.338471694323765004e-01
4.338471694323765004e-01
-5.058347179279311101e-01
5.058347179279311101e-01
-5.744560210478071305e-01
5.744560210478071305e-01
-6.392544158296816770e-01
6.392544158296816770e-01
-6.997986803791843569e-01
6.997986803791843569e-01
-7.556859037539707113e-01
7.556859037539707113e-01
-8.065441676053167752e-01
8.065441676053167752e-01
-8.520350219323621355e-01
8.520350219323621355e-01
-8.918557390046322197e-01
8.918557390046322197e-01
-9.257413320485844421e-01
9.257413320485844421e-01
-9.534663309335296155e-01
9.534663309335296155e-01
-9.748463285901535214e-01
9.748463285901535214e-01
-9.897394542663855432e-01
9.897394542663855432e-01
-9.980499305356875794e-01
9.980499305356875794e-01
