-2.512929142182061468e-02
2.512929142182061468e-02
-7.532439549623433372e-02
7.532439549623433372e-02
-1.253292236158967954e-01
1.253292236158967954e-01
-1.750174592490156278e-01
1.750174592490156278e-01
-2.242635856041655384e-01
2.242635856041655384e-01
-2.729432026967263392e-01
2.729432026967263392e-01
-3.209333415941940104e-01
3.209333415941940104e-01
-3.681127750465645332e-01
3.681127750465645332e-01
-4.143623237171260576e-01
4.143623237171260576e-01
-4.595651572401133755e-01
4.595651572401133755e-01
-5.036070893447559538e-01
5.036070893447559538e-01
-5.463768663002510628e-01
5.463768663002510628e-01
-5.877664479530873010e-01
5.877664479530873010e-01
-6.276712806468851547e-01
6.276712806468851547e-01
-6.659905613354794029e-01
6.659905613354794029e-01
-7.026274922222970343e-01
7.026274922222970343e-01
-7.374895252831566994e-01
7.374895252831566994e-01
-7.704885960554193058e-01
7.704885960554193058e-01
-8.015413461039764265e-01
8.015413461039764265e-01
-8.305693336040048669e-01
8.305693336040048669e-01
-8.574992315120709696e-01
8.574992315120709696e-01
-8.822630128318973419e-01
8.822630128318973419e-01
-9.047981225210934841e-01
9.047981225210934841e-01
-9.250476356362037356e-01
9.250476356362037356e-01
-9.429604013923285066e-01
9.429604013923285066e-01
-9.584911729739270525e-01
9.584911729739270525e-01
-9.716007233716518199e-01
9.716007233716518199e-01
-9.822559490972366802e-01
9.822559490972366802e-01
-9.904299711892903257e-01
9.904299711892903257e-01
-9.961022963162671218e-01
9.961022963162671218e-01
-9.992598593087770320e-01
9.992598593087770320e-01
