-3.528923696413535649e-02
3.528923696413535649e-02
-1.056919017086532520e-01
1.056919017086532520e-01
-1.755680147755167841e-01
1.755680147755167841e-01
-2.445694569282012565e-01
2.445694569282012565e-01
-3.123524665027858083e-01
3.123524665027858083e-01
-3.785793520147071600e-01
3.785793520147071600e-01
-4.429201745254114919e-01
4.429201745254114919e-01
-5.050543913882022951e-01
5.050543913882022951e-01
-5.646724531854707685e-01
5.646724531854707685e-01
-6.214773459035758396e-01
6.214773459035758396e-01
-6.751860706661223510e-01
6.751860706661223510e-01
-7.255310536607170180e-01
7.255310536607170180e-01
-7.722614792487558777e-01
7.722614792487558777e-01
-8.151445396451350023e-01
8.151445396451350023e-01
-8.539665950047103937e-01
8.539665950047103937e-01
-8.885342382860431654e-01
8.885342382860431654e-01
-9.186752599841757627e-01
9.186752599841757627e-01
-9.442395091181940980e-01
9.442395091181940980e-01
-9.650996504224931272e-01
9.650996504224931272e-01
-9.811518330779139818e-01
9.811518330779139818e-01
-9.923163921385158570e-01
9.923163921385158570e-01
-9.985402006367741778e-01
9.985402006367741778e-01
