-3.694894316535177886e-02
3.694894316535177886e-02
-1.106450272085198749e-01
1.106450272085198749e-01
-1.837368065648545545e-01
1.837368065648545545e-01
-2.558250793428790693e-01
2.558250793428790693e-01
-3.265161244654115058e-01
3.265161244654115058e-01
-3.954238520429750325e-01
3.954238520429750325e-01
-4.621719120704219086e-01
4.621719120704219086e-01
-5.263957499311923138e-01
5.263957499311923138e-01
-5.877445974851093213e-01
5.877445974851093213e-01
-6.458833888692477876e-01
6.458833888692477876e-01
-7.004945905561712483e-01
7.004945905561712483e-01
-7.512799356894804825e-01
7.512799356894804825e-01
-7.979620532554874135e-01
7.979620532554874135e-01
-8.402859832618169156e-01
8.402859832618169156e-01
-8.780205698121726909e-01
8.780205698121726909e-01
-9.109597249041274658e-01
9.109597249041274658e-01
-9.389235573549882252e-01
9.389235573549882252e-01
-9.617593653382044971e-01
9.617593653382044971e-01
-9.793425080637482294e-01
9.793425080637482294e-01
-9.915772883408608962e-01
9.915772883408608962e-01
-9.983996189900624652e-01
9.983996189900624652e-01
