0.000000000000000000e+00
-8.837134327565926428e-02
8.837134327565926428e-02
-1.760510611659895641e-01
1.760510611659895641e-01
-2.623529412092960311e-01
2.623529412092960311e-01
-3.466015544308139185e-01
3.466015544308139185e-01
-4.281375415178142463e-01
4.281375415178142463e-01
-5.063227732414886662e-01
5.063227732414886662e-01
-5.805453447497644914e-01
5.805453447497644914e-01
-6.502243646658903975e-01
6.502243646658903975e-01
-7.148145015566287341e-01
7.148145015566287341e-01
-7.738102522869125810e-01
7.738102522869125810e-01
-8.267498990922254043e-01
8.267498990922254043e-01
-8.732191250252223647e-01
8.732191250252223647e-01
-9.128542613593175759e-01
9.128542613593175759e-01
-9.453451482078273349e-01
9.453451482078273349e-01
-9.704376160392298445e-01
9.704376160392298445e-01
-9.879357644438514496e-01
9.879357644438514496e-01
-9.977065690996003156e-01
9.977065690996003156e-01
