  1.8855646e+001
  2.8524038e-001
  1.5567361e+001
  8.3486203e+000
  3.9417708e-002
  4.8168001e+000
  3.9376149e-001
  7.3067149e+000
  5.8029525e-001
  4.7087588e+000
  1.1156013e+001
  2.0555069e+002
  9.0009090e+001
  8.2750254e+000
  9.8608385e-001
  1.1561006e+001
  2.0615119e+001
  1.7650400e+001
  2.7227777e+000
  2.8879446e+000
  5.9988321e-001
  2.1963104e+001
  3.0894745e+000
  5.4539748e+000
  1.8651376e+000
  4.7782403e+001
  1.5328408e+000
  2.9913488e+001
  2.4175018e-001
  3.3687331e+002
  2.2168856e+000
  1.0100819e-001
  2.4718366e+001
  1.7440614e+002
  8.9631420e-001
  6.2853483e+001
  1.9173462e+001
  5.1260171e-001
  7.7165787e+000
  1.7409454e+001
  3.0312692e+001
  9.7371198e-002
  2.7046475e+000
  1.0910856e+001
  3.3687331e+002
  2.9441987e+001
  7.4703721e-002
  1.1746585e+000
  2.4937336e+001
  1.0867909e+001
  6.5410816e-001
  5.0909214e+001
  1.4544732e+000
  1.1603625e+001
  5.8125305e+001
  7.8180553e-001
  1.7277760e+000
  1.0106322e+001
  1.1089076e+000
  2.0121611e+001
  1.8178754e+001
  8.1550433e+000
  3.8413870e+000
  1.8387412e+001
  6.9859867e+000
  1.6348972e+000
  1.6060355e+000
  1.4857716e+001
  2.7187985e+000
  1.3359053e+001
  7.3550252e+000
  5.0167759e+001
  6.1471334e-001
  2.4705275e-001
  4.0746481e-001
  1.3227144e+000
  4.0079215e+001
  2.6358598e+001
  6.5813762e-001
  1.9700235e+002
  3.3514354e+000
  6.2889648e-001
  1.0450751e+000
  1.0497395e+000
  2.5045656e+000
  2.5634010e-001
  1.1570322e+001
  2.3213904e+001
  7.3829358e-001
  2.2597239e+001
  2.6985542e+001
  2.4119367e+001
  6.2377867e-002
  9.8286990e+000
  1.2511133e+001
  2.1369056e+000
  1.1913776e+000
  1.0865163e+000
  3.5396443e-001
  9.3985420e-002
