3.080000000000000071e+01
2.189999999999999858e+01
1.639999999999999858e+01
1.400000000000000000e+01
1.769999999999999929e+01
1.280000000000000071e+01
1.409999999999999964e+01
1.100000000000000000e+01
1.080000000000000071e+01
1.159999999999999964e+01
9.599999999999999645e+00
1.000000000000000000e+01
8.199999999999999289e+00
8.699999999999999289e+00
8.800000000000000711e+00
8.099999999999999645e+00
8.500000000000000000e+00
7.299999999999999822e+00
7.200000000000000178e+00
7.500000000000000000e+00
8.000000000000000000e+00
7.700000000000000178e+00
6.900000000000000355e+00
6.599999999999999645e+00
6.500000000000000000e+00
6.500000000000000000e+00
6.500000000000000000e+00
6.299999999999999822e+00
5.900000000000000355e+00
6.400000000000000355e+00
6.400000000000000355e+00
6.400000000000000355e+00
6.299999999999999822e+00
6.299999999999999822e+00
6.599999999999999645e+00
6.099999999999999645e+00
6.500000000000000000e+00
6.000000000000000000e+00
6.099999999999999645e+00
6.000000000000000000e+00
5.900000000000000355e+00
6.000000000000000000e+00
5.500000000000000000e+00
5.700000000000000178e+00
5.299999999999999822e+00
6.000000000000000000e+00
5.799999999999999822e+00
5.599999999999999645e+00
5.700000000000000178e+00
5.400000000000000355e+00
5.400000000000000355e+00
5.700000000000000178e+00
5.500000000000000000e+00
5.599999999999999645e+00
5.400000000000000355e+00
5.400000000000000355e+00
5.400000000000000355e+00
5.599999999999999645e+00
5.500000000000000000e+00
5.700000000000000178e+00
5.500000000000000000e+00
5.700000000000000178e+00
5.200000000000000178e+00
5.299999999999999822e+00
5.099999999999999645e+00
5.400000000000000355e+00
5.299999999999999822e+00
5.500000000000000000e+00
5.200000000000000178e+00
5.299999999999999822e+00
5.700000000000000178e+00
5.200000000000000178e+00
5.299999999999999822e+00
5.500000000000000000e+00
5.000000000000000000e+00
5.200000000000000178e+00
5.200000000000000178e+00
5.200000000000000178e+00
5.200000000000000178e+00
5.200000000000000178e+00
5.500000000000000000e+00
5.200000000000000178e+00
5.099999999999999645e+00
5.200000000000000178e+00
5.299999999999999822e+00
5.099999999999999645e+00
5.200000000000000178e+00
5.200000000000000178e+00
5.099999999999999645e+00
5.099999999999999645e+00
5.200000000000000178e+00
5.099999999999999645e+00
5.200000000000000178e+00
5.400000000000000355e+00
5.299999999999999822e+00
5.099999999999999645e+00
