1.123400000000000034e+02
9.479999999999999716e+01
8.373000000000000398e+01
7.234999999999999432e+01
6.414000000000000057e+01
6.017999999999999972e+01
5.490999999999999659e+01
5.140999999999999659e+01
4.725999999999999801e+01
4.518999999999999773e+01
4.311999999999999744e+01
4.095000000000000284e+01
4.000999999999999801e+01
3.859000000000000341e+01
3.728000000000000114e+01
3.617000000000000171e+01
3.557000000000000028e+01
3.415999999999999659e+01
3.317000000000000171e+01
3.259000000000000341e+01
3.150000000000000000e+01
3.121999999999999886e+01
3.114999999999999858e+01
3.080999999999999872e+01
3.050000000000000000e+01
2.942999999999999972e+01
2.921000000000000085e+01
2.928999999999999915e+01
2.901999999999999957e+01
2.841000000000000014e+01
2.825000000000000000e+01
2.767000000000000171e+01
2.757000000000000028e+01
2.726999999999999957e+01
2.725000000000000000e+01
2.689999999999999858e+01
2.678999999999999915e+01
2.637000000000000099e+01
2.621000000000000085e+01
2.603999999999999915e+01
2.605999999999999872e+01
2.591000000000000014e+01
2.608999999999999986e+01
2.560000000000000142e+01
2.555999999999999872e+01
2.550000000000000000e+01
2.512999999999999901e+01
2.521000000000000085e+01
2.526000000000000156e+01
2.471999999999999886e+01
2.478000000000000114e+01
2.480999999999999872e+01
2.467000000000000171e+01
2.464999999999999858e+01
2.453999999999999915e+01
2.439999999999999858e+01
2.444000000000000128e+01
2.435000000000000142e+01
2.421000000000000085e+01
2.391000000000000014e+01
2.403999999999999915e+01
2.391000000000000014e+01
2.392000000000000171e+01
2.385999999999999943e+01
2.382999999999999829e+01
2.375000000000000000e+01
2.367000000000000171e+01
2.360999999999999943e+01
2.355999999999999872e+01
2.351999999999999957e+01
2.353000000000000114e+01
2.339999999999999858e+01
2.333999999999999986e+01
2.337000000000000099e+01
2.328999999999999915e+01
2.330999999999999872e+01
2.319999999999999929e+01
2.323000000000000043e+01
2.312999999999999901e+01
2.310999999999999943e+01
2.292999999999999972e+01
2.296000000000000085e+01
2.310000000000000142e+01
2.292000000000000171e+01
2.292000000000000171e+01
2.283999999999999986e+01
2.285999999999999943e+01
2.282000000000000028e+01
2.282999999999999829e+01
2.273999999999999844e+01
2.264000000000000057e+01
2.276000000000000156e+01
2.273000000000000043e+01
2.269999999999999929e+01
2.271000000000000085e+01
2.253999999999999915e+01
