5.611999999999999744e+01
4.528000000000000114e+01
3.911999999999999744e+01
3.535999999999999943e+01
3.053000000000000114e+01
2.801000000000000156e+01
2.619000000000000128e+01
2.519999999999999929e+01
2.339999999999999858e+01
2.141000000000000014e+01
2.194999999999999929e+01
2.046000000000000085e+01
1.971000000000000085e+01
1.864000000000000057e+01
1.782999999999999829e+01
1.732000000000000028e+01
1.682000000000000028e+01
1.667999999999999972e+01
1.581000000000000050e+01
1.569999999999999929e+01
1.550000000000000000e+01
1.527999999999999936e+01
1.478999999999999915e+01
1.509999999999999964e+01
1.455000000000000071e+01
1.430000000000000071e+01
1.416999999999999993e+01
1.415000000000000036e+01
1.374000000000000021e+01
1.385999999999999943e+01
1.358999999999999986e+01
1.349000000000000021e+01
1.341999999999999993e+01
1.309999999999999964e+01
1.301999999999999957e+01
1.290000000000000036e+01
1.280000000000000071e+01
1.267999999999999972e+01
1.273000000000000043e+01
1.266000000000000014e+01
1.258000000000000007e+01
1.258999999999999986e+01
1.242999999999999972e+01
1.241999999999999993e+01
1.243999999999999950e+01
1.209999999999999964e+01
1.230000000000000071e+01
1.210999999999999943e+01
1.219999999999999929e+01
1.208000000000000007e+01
1.193999999999999950e+01
1.194999999999999929e+01
1.207000000000000028e+01
1.191000000000000014e+01
1.189000000000000057e+01
1.190000000000000036e+01
1.174000000000000021e+01
1.174000000000000021e+01
1.176999999999999957e+01
1.159999999999999964e+01
1.167999999999999972e+01
1.174000000000000021e+01
1.166999999999999993e+01
1.167999999999999972e+01
1.158000000000000007e+01
1.161999999999999922e+01
1.150999999999999979e+01
1.148000000000000043e+01
1.144999999999999929e+01
1.141999999999999993e+01
1.144999999999999929e+01
1.144999999999999929e+01
1.135999999999999943e+01
1.133999999999999986e+01
1.133999999999999986e+01
1.133000000000000007e+01
1.122000000000000064e+01
1.128999999999999915e+01
1.122000000000000064e+01
1.128999999999999915e+01
1.117999999999999972e+01
1.115000000000000036e+01
1.122000000000000064e+01
1.108999999999999986e+01
1.121000000000000085e+01
1.108999999999999986e+01
1.111999999999999922e+01
1.110999999999999943e+01
1.114000000000000057e+01
1.100999999999999979e+01
1.111999999999999922e+01
1.108000000000000007e+01
1.106000000000000050e+01
1.110999999999999943e+01
1.098000000000000043e+01
1.105000000000000071e+01
