4.020000000000000284e+01
2.980000000000000071e+01
3.030000000000000071e+01
3.069999999999999929e+01
2.569999999999999929e+01
2.360000000000000142e+01
2.369999999999999929e+01
2.089999999999999858e+01
2.119999999999999929e+01
1.960000000000000142e+01
1.960000000000000142e+01
2.060000000000000142e+01
1.650000000000000000e+01
1.930000000000000071e+01
1.590000000000000036e+01
1.580000000000000071e+01
1.619999999999999929e+01
1.459999999999999964e+01
1.519999999999999929e+01
1.580000000000000071e+01
1.490000000000000036e+01
1.540000000000000036e+01
1.390000000000000036e+01
1.380000000000000071e+01
1.369999999999999929e+01
1.369999999999999929e+01
1.350000000000000000e+01
1.390000000000000036e+01
1.400000000000000000e+01
1.359999999999999964e+01
1.340000000000000036e+01
1.450000000000000000e+01
1.230000000000000071e+01
1.250000000000000000e+01
1.280000000000000071e+01
1.309999999999999964e+01
1.350000000000000000e+01
1.259999999999999964e+01
1.250000000000000000e+01
1.219999999999999929e+01
1.259999999999999964e+01
1.190000000000000036e+01
1.219999999999999929e+01
1.259999999999999964e+01
1.300000000000000000e+01
1.200000000000000000e+01
1.240000000000000036e+01
1.200000000000000000e+01
1.219999999999999929e+01
1.200000000000000000e+01
1.240000000000000036e+01
1.190000000000000036e+01
1.219999999999999929e+01
1.180000000000000071e+01
1.169999999999999929e+01
1.169999999999999929e+01
1.169999999999999929e+01
1.200000000000000000e+01
1.169999999999999929e+01
1.169999999999999929e+01
1.169999999999999929e+01
1.180000000000000071e+01
1.169999999999999929e+01
1.140000000000000036e+01
1.140000000000000036e+01
1.159999999999999964e+01
1.119999999999999929e+01
1.130000000000000071e+01
1.130000000000000071e+01
1.159999999999999964e+01
1.140000000000000036e+01
1.130000000000000071e+01
1.150000000000000000e+01
1.130000000000000071e+01
1.100000000000000000e+01
1.130000000000000071e+01
1.109999999999999964e+01
1.119999999999999929e+01
1.109999999999999964e+01
1.119999999999999929e+01
1.150000000000000000e+01
1.119999999999999929e+01
1.100000000000000000e+01
1.100000000000000000e+01
1.100000000000000000e+01
1.130000000000000071e+01
1.119999999999999929e+01
1.109999999999999964e+01
1.100000000000000000e+01
1.100000000000000000e+01
1.090000000000000036e+01
1.090000000000000036e+01
1.080000000000000071e+01
1.100000000000000000e+01
