2.632000000000000028e+01
2.351999999999999957e+01
1.928000000000000114e+01
1.660999999999999943e+01
1.466999999999999993e+01
1.240000000000000036e+01
1.300000000000000000e+01
1.176999999999999957e+01
1.042999999999999972e+01
1.035999999999999943e+01
9.699999999999999289e+00
9.500000000000000000e+00
8.939999999999999503e+00
8.570000000000000284e+00
8.369999999999999218e+00
7.879999999999999893e+00
7.719999999999999751e+00
7.669999999999999929e+00
7.429999999999999716e+00
7.469999999999999751e+00
7.139999999999999680e+00
7.179999999999999716e+00
7.080000000000000071e+00
6.910000000000000142e+00
6.700000000000000178e+00
6.669999999999999929e+00
6.709999999999999964e+00
6.349999999999999645e+00
6.379999999999999893e+00
6.330000000000000071e+00
6.330000000000000071e+00
6.290000000000000036e+00
6.280000000000000249e+00
6.190000000000000391e+00
6.309999999999999609e+00
6.269999999999999574e+00
5.870000000000000107e+00
6.150000000000000355e+00
6.040000000000000036e+00
5.990000000000000213e+00
5.940000000000000391e+00
5.980000000000000426e+00
5.759999999999999787e+00
5.900000000000000355e+00
5.830000000000000071e+00
5.780000000000000249e+00
5.650000000000000355e+00
5.599999999999999645e+00
5.700000000000000178e+00
5.799999999999999822e+00
5.669999999999999929e+00
5.629999999999999893e+00
5.530000000000000249e+00
5.509999999999999787e+00
5.500000000000000000e+00
5.559999999999999609e+00
5.440000000000000391e+00
5.580000000000000071e+00
5.610000000000000320e+00
5.480000000000000426e+00
5.469999999999999751e+00
5.490000000000000213e+00
5.480000000000000426e+00
5.469999999999999751e+00
5.370000000000000107e+00
5.440000000000000391e+00
5.330000000000000071e+00
5.290000000000000036e+00
5.360000000000000320e+00
5.330000000000000071e+00
5.309999999999999609e+00
5.349999999999999645e+00
5.250000000000000000e+00
5.330000000000000071e+00
5.320000000000000284e+00
5.299999999999999822e+00
5.250000000000000000e+00
5.269999999999999574e+00
5.269999999999999574e+00
5.290000000000000036e+00
5.299999999999999822e+00
5.230000000000000426e+00
5.190000000000000391e+00
5.219999999999999751e+00
5.269999999999999574e+00
5.200000000000000178e+00
5.230000000000000426e+00
5.150000000000000355e+00
5.139999999999999680e+00
5.099999999999999645e+00
5.070000000000000284e+00
5.169999999999999929e+00
5.129999999999999893e+00
5.150000000000000355e+00
5.129999999999999893e+00
5.080000000000000071e+00
