1.575644629984820000e+01
9.802122219193147856e+00
8.680184329840006541e+00
7.854323650066885598e+00
7.515923096998798236e+00
5.691212524585599120e+00
4.664107631691189582e+00
5.538952969650491553e+00
4.866210024238575294e+00
3.036758139859017547e+00
4.025853946680132189e+00
4.148300856977468420e+00
3.271987163789002562e+00
3.389749253263433015e+00
2.860262225740850095e+00
2.817374664470453371e+00
2.574412554350992366e+00
2.485477821264957310e+00
2.216731828616172351e+00
2.156385865284782710e+00
1.905255888325765090e+00
1.881913919391638768e+00
1.796079062847735663e+00
1.835755975068582124e+00
1.505822034637559703e+00
1.466287829861518066e+00
1.612792609110049291e+00
1.479019945774904032e+00
1.346254062203713353e+00
1.296302433847904112e+00
1.249759976955575391e+00
1.204117934423368785e+00
1.201499063670047329e+00
1.063014581273464820e+00
1.148738438461950562e+00
1.178982612255159435e+00
1.039230484541326271e+00
9.785703858180053727e-01
1.037834283496166021e+00
8.511169132381283253e-01
9.075241043630741800e-01
9.705153270299238244e-01
9.192932067626736758e-01
9.505787710652916500e-01
9.090654541890809126e-01
7.810249675906653088e-01
8.426149773176357938e-01
8.233468284993876729e-01
8.124038404635961497e-01
8.084553172563093693e-01
7.851114570556210204e-01
7.664854858377945224e-01
7.649182962905254346e-01
6.495382975621990518e-01
8.233468284993876729e-01
6.403124237432847865e-01
6.264183905346329961e-01
7.017121917139533815e-01
7.190966555338719202e-01
6.324555320336759934e-01
5.979966555090422409e-01
6.421837743200928816e-01
6.936137253543935843e-01
6.764613810115105430e-01
6.352952069707435978e-01
6.289674077406555153e-01
5.566866263886711685e-01
6.079473661428266285e-01
5.545268253204708175e-01
5.325410782277739674e-01
5.722761571129798552e-01
5.894913061275798283e-01
5.200000000000000178e-01
5.141984052872976552e-01
4.943682837723309964e-01
5.487257967327578978e-01
4.812483766206386848e-01
4.958830507286974831e-01
4.377213725647858822e-01
4.958830507286974831e-01
4.770744176750625343e-01
4.092676385936225292e-01
5.211525688318153771e-01
4.710626285325549834e-01
5.156549233741495319e-01
4.493328387732193341e-01
4.534313619501852965e-01
4.448595283907044728e-01
4.247352116319060289e-01
5.384236250388722000e-01
3.815756805667783191e-01
5.230678732248807972e-01
4.862098312457286409e-01
3.973663297261105232e-01
4.467661580737734561e-01
4.092676385936225847e-01
