9.273489095265061266e+00
8.793725035501168463e+00
6.658948865999797739e+00
5.440395206232723879e+00
4.785509377276362386e+00
3.908964057138412773e+00
4.322036556994861556e+00
2.921831617324995634e+00
2.631558473604567183e+00
2.733203248937041696e+00
2.624880949681337228e+00
2.334523505985750536e+00
2.171727423043693150e+00
2.380147054280470353e+00
2.110236953519675218e+00
1.686890630716763484e+00
1.393413075868028095e+00
1.581486642371664031e+00
1.692660627532879047e+00
1.445371924454048607e+00
1.288565093427569197e+00
1.299076595124398326e+00
1.197330363767661332e+00
1.149739100839838546e+00
1.004987562112088950e+00
1.039759587597056001e+00
1.151477311977965101e+00
9.420721840708385919e-01
9.249864863877742538e-01
8.608716512930369991e-01
8.006872048434395817e-01
7.112664760833312672e-01
7.756287771866128278e-01
7.442445834535849070e-01
7.575618786607468680e-01
8.349251463454673283e-01
5.942221806698232411e-01
7.399324293474370817e-01
6.916646586316232970e-01
7.680494775728969881e-01
7.045565981523413956e-01
7.345747068882783060e-01
5.851495535331117104e-01
6.403124237432847865e-01
6.333245613427604948e-01
6.415605972938177581e-01
5.545268253204708175e-01
5.830951894845300965e-01
5.744562646538029504e-01
5.830951894845300965e-01
6.333245613427604948e-01
6.108191221630181467e-01
5.187484939737174727e-01
5.195190083144215487e-01
5.000000000000000000e-01
5.535341001239220127e-01
4.963869458396343304e-01
5.509990925582365362e-01
5.812916651733448514e-01
5.564171097297421209e-01
5.187484939737175837e-01
5.384236250388722000e-01
5.381449618829483583e-01
5.187484939737175837e-01
5.030904491242106369e-01
4.963869458396343304e-01
4.702127178203498459e-01
4.537620521815370900e-01
5.003998401278721975e-01
4.702127178203498459e-01
4.836320915737498671e-01
4.769696007084727740e-01
4.330127018922192983e-01
5.487257967327578978e-01
4.874423042781576010e-01
4.582575694955840495e-01
4.330127018922192983e-01
4.439594576084622823e-01
4.439594576084622823e-01
4.537620521815370900e-01
4.582575694955840495e-01
4.869291529575940358e-01
3.923009049186605979e-01
4.142463035441596997e-01
4.439594576084622823e-01
4.242640687119284548e-01
4.208325082500162795e-01
3.570714214271425435e-01
3.469870314579495130e-01
2.999999999999999889e-01
2.551470164434614940e-01
3.756327994198589981e-01
3.363034344160046873e-01
3.570714214271425435e-01
3.363034344160046873e-01
2.712931993250107254e-01
