9.836666101886351044e+00
7.700000000000000178e+00
6.003332407921454283e+00
4.774934554525328778e+00
4.382921400162225645e+00
3.026549190084311114e+00
4.036087214122113132e+00
2.529822128134703529e+00
3.487119154832538648e+00
3.136877428271624524e+00
2.244994432064364442e+00
2.828427124746190291e+00
1.939071942966531514e+00
3.001666203960726698e+00
2.088061301782109691e+00
1.374772708486752038e+00
2.012461179749810647e+00
1.100000000000000089e+00
1.599999999999999867e+00
1.627882059609970566e+00
1.897366596101027536e+00
1.734935157289747343e+00
1.135781669160054630e+00
1.019803902718556810e+00
9.219544457292887518e-01
6.708203932499369193e-01
6.708203932499369193e-01
1.004987562112088950e+00
7.000000000000000666e-01
9.165151389911678770e-01
4.898979485566355985e-01
6.633249580710799398e-01
7.810249675906654199e-01
6.403124237432848975e-01
1.199999999999999956e+00
7.000000000000000666e-01
5.000000000000000000e-01
4.472135954999579277e-01
2.999999999999999889e-01
6.324555320336758824e-01
7.000000000000000666e-01
4.472135954999579277e-01
5.000000000000000000e-01
6.403124237432848975e-01
4.582575694955840495e-01
7.745966692414834043e-01
5.999999999999999778e-01
4.898979485566355985e-01
4.582575694955840495e-01
4.898979485566355985e-01
4.898979485566355985e-01
6.403124237432848975e-01
5.000000000000000000e-01
4.898979485566355985e-01
4.898979485566355985e-01
4.898979485566355985e-01
4.898979485566355985e-01
6.633249580710800508e-01
5.000000000000000000e-01
4.582575694955840495e-01
5.000000000000000000e-01
4.582575694955840495e-01
3.999999999999999667e-01
4.582575694955840495e-01
2.999999999999999889e-01
4.898979485566355985e-01
4.582575694955840495e-01
5.000000000000000000e-01
3.999999999999999667e-01
4.582575694955840495e-01
4.582575694955840495e-01
3.999999999999999667e-01
4.582575694955840495e-01
5.000000000000000000e-01
0.000000000000000000e+00
3.999999999999999667e-01
3.999999999999999667e-01
3.999999999999999667e-01
3.999999999999999667e-01
3.999999999999999667e-01
5.000000000000000000e-01
3.999999999999999667e-01
2.999999999999999889e-01
3.999999999999999667e-01
4.582575694955840495e-01
2.999999999999999889e-01
3.999999999999999667e-01
3.999999999999999667e-01
2.999999999999999889e-01
2.999999999999999889e-01
3.999999999999999667e-01
2.999999999999999889e-01
3.999999999999999667e-01
4.898979485566355985e-01
4.582575694955840495e-01
2.999999999999999889e-01
