9.537295214053091996e+00
5.211525688318153549e+00
7.772387020729217610e+00
4.605431575867782179e+00
3.848376280978771380e+00
4.498888751680797604e+00
4.050925820105819142e+00
4.414748010928822630e+00
4.599999999999999645e+00
2.199999999999999734e+00
1.800000000000000044e+00
3.292415526630865674e+00
2.459674775249768519e+00
3.407345007480163890e+00
1.374772708486752038e+00
1.886796226411320720e+00
1.599999999999999867e+00
1.428285685708569952e+00
1.777638883463117825e+00
1.248999599679679662e+00
2.343074902771996371e+00
2.690724809414742236e+00
1.374772708486752038e+00
7.483314773547883325e-01
1.268857754044952157e+00
1.268857754044952157e+00
1.360147050873544261e+00
1.300000000000000044e+00
1.897366596101027536e+00
1.019803902718556810e+00
9.165151389911680990e-01
1.802775637731994562e+00
7.810249675906655309e-01
9.219544457292887518e-01
5.999999999999999778e-01
1.044030650891054846e+00
1.118033988749894903e+00
1.199999999999999956e+00
6.708203932499369193e-01
7.483314773547883325e-01
1.019803902718557032e+00
8.306623862918075529e-01
7.483314773547883325e-01
9.165151389911680990e-01
1.341640786499873839e+00
8.944271909999158554e-01
8.000000000000000444e-01
1.000000000000000000e+00
7.483314773547883325e-01
7.745966692414834043e-01
8.000000000000000444e-01
5.385164807134503739e-01
8.717797887081346619e-01
5.999999999999999778e-01
6.403124237432848975e-01
4.582575694955839385e-01
4.582575694955839385e-01
6.324555320336758824e-01
4.582575694955839385e-01
9.000000000000000222e-01
9.000000000000001332e-01
5.999999999999999778e-01
4.582575694955839385e-01
4.898979485566355985e-01
6.633249580710800508e-01
6.633249580710800508e-01
4.000000000000000222e-01
6.403124237432848975e-01
6.403124237432848975e-01
4.898979485566355985e-01
4.898979485566355985e-01
4.582575694955839385e-01
5.000000000000000000e-01
4.582575694955839385e-01
4.472135954999579277e-01
4.582575694955839385e-01
5.385164807134503739e-01
5.999999999999999778e-01
5.385164807134503739e-01
4.000000000000000222e-01
5.000000000000000000e-01
4.000000000000000222e-01
4.472135954999579277e-01
4.472135954999579277e-01
4.472135954999579277e-01
4.582575694955839385e-01
4.000000000000000222e-01
2.999999999999999889e-01
0.000000000000000000e+00
4.472135954999579277e-01
2.999999999999999889e-01
5.385164807134503739e-01
4.000000000000000222e-01
0.000000000000000000e+00
