2.099343706971300350e+01
1.661986762883507396e+01
1.635472714538521188e+01
1.052841393563151939e+01
9.414903079692324539e+00
1.083916970989936956e+01
9.302789904109410202e+00
7.348598505837695249e+00
5.939057164230699293e+00
6.740467342847971999e+00
5.639645378922331531e+00
4.885437544376142860e+00
4.341647152867215809e+00
4.409296996120810164e+00
4.214451328464951629e+00
4.145009047034759142e+00
3.524925531128281886e+00
3.615853979352595449e+00
3.023425209923341406e+00
3.215882460538631360e+00
2.854820484724039709e+00
2.858601056461009371e+00
2.699536997338618072e+00
2.834413519583902197e+00
2.758622844826744469e+00
1.680803379339772752e+00
2.006464552390597511e+00
2.192236301131791798e+00
2.253796796519153656e+00
1.822608021490084163e+00
1.956399754651385159e+00
1.783563848030117249e+00
1.698558212131689116e+00
1.815791838289841031e+00
1.570827807240500862e+00
1.584297951775486046e+00
1.698793689651571626e+00
1.353920233987216948e+00
1.202455820394246588e+00
1.529182788289222161e+00
1.508774337003383703e+00
1.364514565697266368e+00
1.483880049060570139e+00
1.371130920080209092e+00
1.366162508635045070e+00
1.382027496108525266e+00
1.180296572900218166e+00
1.168717245530329185e+00
1.245953450173801658e+00
1.192308684863110368e+00
1.162583330346689259e+00
9.868637190615531241e-01
9.492628719169416973e-01
1.134680571791021775e+00
1.033634364753803991e+00
9.591663046625438227e-01
9.414881836751857191e-01
9.313968005098579583e-01
9.725739046468395710e-01
8.728688332160795538e-01
7.735631842325485508e-01
9.390953093270140162e-01
9.239047569960876505e-01
9.167333309092671190e-01
7.880989785553588201e-01
7.921489758877429121e-01
8.608716512930368880e-01
8.472897969408106356e-01
8.039900496896713600e-01
8.423775875461074758e-01
8.301204731844649132e-01
7.615773105863907766e-01
7.102112361825880793e-01
6.108191221630181467e-01
8.036790404135223387e-01
6.737210105080588818e-01
7.615773105863907766e-01
7.328710664230100313e-01
7.437069315261219948e-01
6.307931515164063585e-01
6.671581521648372037e-01
6.311893535223800367e-01
7.280109889280517166e-01
6.273754856543247715e-01
7.573638491504594006e-01
6.887670143089024144e-01
6.931089380465381700e-01
6.225752966509353614e-01
6.173329733620260829e-01
6.102458520956942634e-01
6.406246951218785846e-01
6.800000000000000488e-01
5.264028875300742483e-01
6.557438524302000582e-01
6.048966853934644172e-01
6.232174580353153637e-01
