 -1.0199712e+002
  1.1053486e+002
  3.1730769e+001
 -7.2230274e+001
 -5.6050616e+001
 -4.3769101e+001
  2.2147822e+002
 -2.8067876e+002
  7.6300809e+001
 -2.8053263e+001
  8.6635608e+001
 -1.2168087e+002
  5.4327684e+001
 -1.6709950e+002
 -7.5887464e+001
  2.2115201e+002
 -1.1022271e+002
  4.5826653e+001
 -6.8919800e+001
 -4.1759889e+001
  1.5966686e+002
 -1.8957973e+001
  4.6821712e+001
 -1.0453280e+002
 -1.0084782e+002
  5.8160707e+001
 -1.5457197e+002
  5.5830745e+001
 -3.4025870e+001
 -1.0629868e+002
  3.3914064e+002
 -2.6086179e+002
 -7.5655051e+001
  6.1854314e+001
 -7.0252448e+001
  1.1787248e+002
 -3.3304488e+001
 -1.5959139e+002
  2.7002030e+001
  1.8079342e+002
  1.6192319e+001
 -1.0158598e+002
 -7.9752894e+001
  2.0406331e+002
 -2.9147010e+002
 -5.6184212e+000
  4.6439123e+001
  1.0103710e+002
 -2.4508147e+002
  1.5190244e+002
 -9.6590390e+001
 -4.9341091e+001
  1.6363166e+002
 -1.2379599e+002
 -9.6203808e+001
  1.2042385e+002
  1.4828350e+001
 -5.3420495e+001
 -2.3615305e+002
  3.2087070e+001
  8.3651554e+001
  5.9711315e+000
 -6.4043870e+001
  1.5191843e+002
 -3.5833953e+002
  3.4009768e+002
 -9.7213068e+001
  4.1791476e+001
 -1.0702943e+002
 -9.8499215e+001
  7.8943891e+001
 -2.8134576e+001
  2.3062552e+002
 -2.0869109e+002
  4.8940781e+001
 -5.8735386e+001
  9.4898223e+001
 -1.4482867e+002
 -6.5123787e+001
 -5.4110570e+000
 -1.5498613e+002
  2.0977787e+002
 -6.3717766e+000
 -2.3367694e+002
  3.4429524e+002
 -1.1566152e+002
  3.2989500e+001
 -1.2859110e+002
  5.2290586e+001
 -2.5391758e+002
  1.5467661e+002
 -8.9650830e+001
 -2.8799563e+001
