  1.7065249e+002
  7.2343211e+001
  1.0103765e+000
  6.1102310e+001
  6.4166193e+001
  5.4957029e+001
  4.7013706e+000
  1.5820593e+001
  2.9777681e+001
  5.3757426e-001
  1.0278266e+002
  5.8461534e+001
  4.2416397e+001
  4.1895613e+001
  1.0622329e+002
  7.3015902e+001
  5.6715603e+001
  6.0086623e+001
  1.3893790e+002
  8.3929708e+001
  9.5528210e+001
  1.3913289e+002
  2.2301058e+001
  5.5785261e+001
  2.6643827e+001
  1.1730495e+002
  1.2815043e+002
  9.6922382e+001
  2.5341897e+001
  8.0395963e+001
  7.2461937e+001
  1.0709041e+002
  8.8343570e+001
  3.9439263e+001
  3.9183796e+001
  3.4182318e+000
  3.8722512e+001
  2.7701215e+000
  8.5486889e+001
  5.5873260e+001
  1.9041430e+002
  9.1410455e+001
  6.0009812e+001
  3.5805067e+001
  2.3122172e+000
  1.1857238e+002
  4.4647631e+001
  5.9253251e+001
  5.1193139e+000
  2.4058719e+001
  1.4635601e+002
  1.1864138e+002
  4.6657333e+001
  4.7545888e+001
  3.2463207e+001
  2.1715474e+001
  1.5009033e+002
  1.0791206e+002
  1.6460004e+001
  1.8230848e+002
  1.1826844e+002
  1.9260594e+001
  1.2352192e+002
  1.2460572e+000
  4.4430356e+001
  2.2803658e+001
  3.4572049e-001
  2.7422696e+000
  3.9464895e+001
  6.6575312e+001
  3.4051250e+001
  5.4998512e+000
  9.8707838e+001
  4.8661882e+001
  2.8945922e+001
  1.7148034e+002
  9.8793314e+001
  4.3168887e+001
  8.4134181e+001
  1.1674127e+002
  8.2281222e+001
  2.9997219e+000
  6.3407770e+001
  9.4043491e+001
  1.1394535e+001
  2.3108914e+001
  1.2553052e+001
  4.4829918e+001
  2.6032027e+001
  9.7009561e+001
  2.7945667e+001
  1.3268458e+002
  5.6966107e+000
  1.2474232e+001
  2.4379296e+001
  3.5015131e+001
  6.1618523e+000
  2.2607327e+001
  1.1362027e+001
  4.9762414e+001
