  9.3675365e+001
  5.9773677e+001
  4.9407771e+001
  1.6715166e+001
  4.2140253e+000
  1.5482677e+001
  2.0742926e+001
  2.7531677e+000
  4.0380026e+001
  9.4208933e+000
  3.1649498e+001
  5.7975347e+001
  3.6649965e+001
  5.8440581e+001
  4.5798010e+001
  6.6428250e+001
  6.5491328e+001
  3.2455306e+001
  4.9908876e+001
  4.8412019e+001
  4.1054637e+001
  2.0563444e+001
  7.6419926e+000
  3.2821251e+001
  3.8915637e+001
  3.0184813e+000
  2.5636524e+001
  1.0086331e+002
  1.2788469e+001
  2.3868601e+001
  2.4132083e+001
  1.7082446e+001
  2.5540606e+001
  8.6672924e+001
  2.9317029e+001
  4.3573808e+001
  1.7407530e+000
  1.7222959e+000
  1.4869545e+001
  4.5454813e+001
  4.7833813e+000
  2.1361883e+001
  3.3306959e+000
  6.2218323e+001
  4.0560398e+000
  1.0837671e+001
  1.3650182e+002
  5.7839449e+001
  5.5256683e+001
  5.7894562e+001
  2.9988193e+001
  5.8117501e+001
  8.5503294e+001
  6.2280953e+001
  3.4211252e+001
  3.8872248e+000
  6.0399020e+001
  4.0838020e+001
  2.8772664e+001
  1.0742347e+001
  2.8597817e+001
  3.8861998e+001
  2.9896599e+001
  1.5105325e+000
  4.4942346e+001
  3.6522523e+001
  8.0541471e+000
  2.6624886e+001
  1.9069996e+000
  4.3776445e+001
  2.8362324e+001
  8.9227766e+001
  7.9871758e+001
  1.4902186e+001
  1.4825633e+001
  2.5796741e+001
  4.2880696e+001
  4.4006858e+001
  2.4543907e+001
  1.8555411e+001
  2.8956481e+001
  3.6779686e+001
  4.2208227e+001
  2.8080377e+001
  4.6262649e+001
  1.4964481e+001
  3.1233039e+001
  3.9789927e+001
  2.0070312e+001
  1.6537409e+001
  2.7261085e+001
  1.2052564e+001
  2.1485472e+001
  4.6131173e+001
  2.1466609e+001
  4.6561859e-001
  2.6417955e+001
  2.3418123e+001
  2.3059464e+001
  2.7813332e+001
